Frequency - Plot 0	Amplitude - Plot 0	
1	2.25436	
1.25	2.25436	
1.5	9.31454	
1.75	9.32034	
2	8.26093	
2.25	8.26093	
2.5	7.83105	
2.75	7.83105	
3	7.81403	
3.25	7.81403	
3.5	8.85257	
3.75	8.85257	
4	9.32584	
4.25	9.32584	
4.5	9.32047	
4.75	9.27225	
5	9.27225	
5.25	9.1889	
5.5	9.09406	
5.75	9.09406	
6	9.03513	
6.25	8.98969	
6.5	8.99124	
6.75	8.99124	
7	8.86545	
7.25	8.69788	
7.5	8.8808	
7.75	8.97742	
8	9.09348	
8.25	9.07571	
8.5	9.07571	
8.75	9.07571	
9	8.92477	
9.25	8.92477	
9.5	8.78174	
9.75	8.7103	
10	8.29141	
10.25	8.41724	
10.5	7.66064	
10.75	7.87659	
11	8.41742	
11.25	8.50467	
11.5	8.50467	
11.75	8.50467	
12	8.57275	
12.25	8.71051	
12.5	8.71051	
12.75	8.84183	
13	8.86133	
13.25	8.85251	
13.5	8.95987	
13.75	9.08557	
14	9.08212	
14.25	9.35931	
14.5	9.6413	
14.75	9.69571	
15	9.68698	
15.25	9.37674	
15.5	9.08649	
15.75	9.10617	
16	9.23514	
16.25	9.15472	
16.5	9.13248	
16.75	8.97836	
17	8.97836	
17.25	8.91818	
17.5	8.43665	
17.75	8.246	
18	8.08737	
18.25	7.51321	
18.5	7.67004	
18.75	7.61697	
19	7.80643	
19.25	7.80093	
19.5	7.332	
19.75	6.69968	
20	6.48709	
20.25	6.48709	
20.5	5.18991	
20.75	5.26135	
21	5.26135	
21.25	3.85977	
21.5	3.85977	
21.75	3.58243	
22	2.79874	
22.25	2.79874	
22.5	2.83658	
22.75	2.42603	
23	2.40286	
23.25	2.65445	
23.5	2.6312	
23.75	2.65259	
24	2.95587	
24.25	3.18991	
24.5	3.18991	
24.75	3.72345	
25	3.61331	
25.25	3.70001	
25.5	3.98642	
25.75	3.52814	
26	4.06	
26.25	4.10251	
26.5	4.52948	
26.75	4.18649	
27	4.25195	
27.25	4.35495	
27.5	4.35495	
27.75	4.82556	
28	5.08823	
28.25	4.67288	
28.5	4.53793	
28.75	4.53793	
29	5.11841	
29.25	5.29343	
29.5	5.40073	
29.75	4.95425	
30	4.81332	
30.25	5.47382	
30.5	5.8555	
30.75	5.63214	
31	5.36246	
31.25	5.57043	
31.5	6.02945	
31.75	6.11609	
32	5.7757	
32.25	5.99753	
32.5	6.50461	
32.75	6.08102	
33	6.26828	
33.25	6.40781	
33.5	6.42819	
33.75	7.10791	
34	6.58188	
34.25	6.5683	
34.5	6.91843	
34.75	6.91843	
35	6.94409	
35.25	7.1098	
35.5	7.1098	
35.75	7.07169	
36	6.3609	
36.25	6.62692	
36.5	5.83292	
36.75	6.37396	
37	6.25647	
37.25	6.79828	
37.5	6.99753	
37.75	6.63956	
38	6.70676	
38.25	6.83215	
38.5	5.73453	
38.75	6.57181	
39	6.2561	
39.25	5.71353	
39.5	5.8804	
39.75	5.81863	
40	5.49924	
40.25	5.09872	
40.5	5.34256	
40.75	6.34698	
41	5.89432	
41.25	5.14923	
41.5	4.97684	
41.75	4.33109	
42	4.42258	
42.25	4.93137	
42.5	3.57187	
42.75	4.15839	
43	3.77612	
43.25	3.25339	
43.5	2.78635	
43.75	2.3382	
44	3.5166	
44.25	2.71527	
44.5	2.80786	
44.75	2.50894	
45	2.50012	
45.25	2.70554	
45.5	3.09171	
45.75	1.49396	
46	2.67624	
46.25	2.64923	
46.5	2.2233	
46.75	2.2233	
47	0.873016	
47.25	2.23044	
47.5	3.47739	
47.75	1.45901	
48	2.79813	
48.25	1.05405	
48.5	1.05405	
48.75	2.81204	
49	2.92627	
49.25	3.77051	
49.5	2.79654	
49.75	2.02521	
50	5.89838	
50.25	5.91153	
50.5	3.11069	
50.75	3.1279	
51	2.04303	
51.25	2.77042	
51.5	4.37317	
51.75	4.37317	
52	5.4202	
52.25	4.20624	
52.5	4.64105	
52.75	2.61395	
53	3.63779	
53.25	1.22162	
53.5	5.45392	
53.75	0.462799	
54	1.71988	
54.25	4.35901	
54.5	3.45956	
54.75	2.8942	
55	2.86267	
55.25	3.62903	
55.5	3.34552	
55.75	2.2558	
56	3.1265	
56.25	3.30881	
56.5	4.0697	
56.75	5.30304	
57	2.43097	
57.25	7.09781	
57.5	6.52802	
57.75	4.55505	
58	4.54245	
58.25	1.27643	
58.5	5.64902	
58.75	5.5831	
59	3.16638	
59.25	4.34537	
59.5	2.64523	
59.75	3.61273	
60	2.82123	
60.25	2.71832	
60.5	2.71832	
60.75	3.30707	
61	1.57516	
61.25	5.13504	
61.5	2.01654	
61.75	2.31985	
62	2.16031	
62.25	1.73898	
62.5	1.94223	
62.75	2.44223	
63	4.14728	
63.25	1.3602	
63.5	1.2822	
63.75	1.01224	
64	2.52966	
64.25	3.96918	
64.5	3.13092	
64.75	3.57397	
65	2.26328	
65.25	2.2272	
65.5	2.3367	
65.75	2.41272	
66	2.15952	
66.25	2.15952	
66.5	2.82175	
66.75	2.39917	
67	2.39917	
67.25	2.37646	
67.5	3.19937	
67.75	4.95227	
68	6.42505	
68.25	6.28366	
68.5	4.26682	
68.75	2.49112	
69	4.04703	
69.25	5.37631	
69.5	2.83826	
69.75	5.06439	
70	2.47824	
70.25	5.0527	
70.5	2.52289	
70.75	3.07965	
71	2.93176	
71.25	3.49054	
71.5	2.7626	
71.75	2.62363	
72	3.41983	
72.25	2.75903	
72.5	2.79889	
72.75	0.967316	
73	1.79871	
73.25	3.91333	
73.5	2.18289	
73.75	2.00082	
74	3.37402	
74.25	2.91055	
74.5	2.91055	
74.75	2.98276	
75	2.57184	
75.25	2.32904	
75.5	3.13135	
75.75	2.69809	
76	3.47925	
76.25	2.34464	
76.5	3.28442	
76.75	3.02542	
77	2.69861	
77.25	2.51111	
77.5	3.17969	
77.75	2.47424	
78	2.0712	
78.25	2.64148	
78.5	2.01593	
78.75	2.15927	
79	3.08542	
79.25	2.85464	
79.5	3.24734	
79.75	2.90363	
80	3.05777	
80.25	4.17447	
80.5	2.48572	
80.75	3.73065	
81	3.6806	
81.25	3.25626	
81.5	3.15918	
81.75	3.37836	
82	3.10034	
82.25	2.98651	
82.5	3.3493	
82.75	3.95969	
83	3.05905	
83.25	3.56473	
83.5	3.63068	
83.75	3.06235	
84	3.34564	
84.25	2.72943	
84.5	2.98083	
84.75	2.7045	
85	2.94656	
85.25	3.18402	
85.5	3.75555	
85.75	2.83389	
86	3.63721	
86.25	3.56079	
86.5	3.03333	
86.75	3.03333	
87	3.74719	
87.25	4.40369	
87.5	2.52237	
87.75	2.91306	
88	3.85272	
88.25	3.73541	
88.5	3.87921	
88.75	4.27115	
89	3.05008	
89.25	3.22104	
89.5	3.47159	
89.75	4.0397	
90	4.23483	
90.25	4.08221	
90.5	3.185	
90.75	3.97372	
91	3.8313	
91.25	3.61682	
91.5	4.22137	
91.75	3.77557	
92	3.94727	
92.25	3.62524	
92.5	3.71243	
92.75	3.56107	
93	3.37927	
93.25	4.20782	
93.5	4.41205	
93.75	3.03735	
94	2.67303	
94.25	4.60376	
94.5	2.90024	
94.75	4.13083	
95	3.35574	
95.25	3.31799	
95.5	2.6907	
95.75	3.64374	
96	3.95572	
96.25	4.26154	
96.5	3.42953	
96.75	4.27499	
97	4.12881	
97.25	3.44104	
97.5	3.59131	
97.75	3.50946	
98	4.01764	
98.25	3.81265	
98.5	3.77737	
98.75	3.82437	
99	3.8017	
99.25	3.77631	
99.5	3.50043	
99.75	3.77615	
100	3.80548	
100.25	3.71429	
100.5	3.67661	
100.75	3.52521	
101	0.392365	
