Frequency - Plot 0	Amplitude - Plot 0	
1	21.9932	
1.25	21.9932	
1.5	9.1319	
1.75	9.1319	
2	9.1319	
2.25	9.31555	
2.5	9.31555	
2.75	9.31555	
3	9.42154	
3.25	9.48447	
3.5	9.48447	
3.75	9.48447	
4	9.4606	
4.25	9.4606	
4.5	9.43729	
4.75	9.44885	
5	9.44885	
5.25	9.47717	
5.5	9.47589	
5.75	9.52005	
6	9.50415	
6.25	9.50415	
6.5	9.50415	
6.75	9.51025	
7	9.60611	
7.25	9.69141	
7.5	9.69141	
7.75	9.66959	
8	9.51193	
8.25	9.49005	
8.5	8.78973	
8.75	8.55316	
9	8.55316	
9.25	8.60376	
9.5	8.50848	
9.75	8.50848	
10	8.50848	
10.25	8.69125	
10.5	8.69125	
10.75	8.51541	
11	8.70276	
11.25	9.28799	
11.5	9.28799	
11.75	9.67404	
12	9.67404	
12.25	10.0631	
12.5	10.2228	
12.75	10.2532	
13	10.4528	
13.25	10.5242	
13.5	10.4062	
13.75	10.568	
14	10.5263	
14.25	10.5124	
14.5	10.4612	
14.75	10.3053	
15	10.3053	
15.25	10.7863	
15.5	11.3578	
15.75	11.4963	
16	11.4963	
16.25	11.3056	
16.5	11.3617	
16.75	10.821	
17	10.5282	
17.25	10.0832	
17.5	9.56793	
17.75	9.39737	
18	9.13568	
18.25	9.13568	
18.5	8.74689	
18.75	7.86539	
19	7.12732	
19.25	7.38803	
19.5	7.32962	
19.75	7.3934	
20	7.3934	
20.25	6.81921	
20.5	6.86868	
20.75	8.12595	
21	8.31775	
21.25	9.17786	
21.5	8.95599	
21.75	9.67346	
22	9.22235	
22.25	8.42392	
22.5	8.25842	
22.75	8.75229	
23	9.10901	
23.25	9.10901	
23.5	8.42957	
23.75	8.01755	
24	7.73154	
24.25	7.4581	
24.5	7.17453	
24.75	7.17453	
25	6.92383	
25.25	6.75336	
25.5	6.2189	
25.75	5.98441	
26	5.98441	
26.25	3.77823	
26.5	3.45648	
26.75	3.25656	
27	2.83734	
27.25	2.38562	
27.5	2.09924	
27.75	2.1304	
28	1.54782	
28.25	2.8129	
28.5	2.63953	
28.75	3.61981	
29	3.61981	
29.25	3.31662	
29.5	3.64081	
29.75	3.64081	
30	3.98676	
30.25	4.92352	
30.5	5.86459	
30.75	5.98929	
31	5.81107	
31.25	6.5639	
31.5	6.5639	
31.75	6.5639	
32	6.04047	
32.25	5.88547	
32.5	5.63815	
32.75	5.79199	
33	5.52026	
33.25	5.52026	
33.5	4.90189	
33.75	4.90189	
34	5.51685	
34.25	5.77267	
34.5	5.35571	
34.75	5.56531	
35	5.72812	
35.25	4.86771	
35.5	4.86771	
35.75	5.02634	
36	5.09338	
36.25	4.73395	
36.5	5.19177	
36.75	4.71313	
37	4.71313	
37.25	3.22528	
37.5	3.89911	
37.75	3.47546	
38	3.7749	
38.25	3.52847	
38.5	3.23831	
38.75	2.52405	
39	3.02655	
39.25	2.54648	
39.5	2.63693	
39.75	1.88339	
40	2.24554	
40.25	2.38681	
40.5	1.37137	
40.75	1.37137	
41	1.62823	
41.25	2.29858	
41.5	2.81689	
41.75	1.01096	
42	1.90448	
42.25	1.90448	
42.5	2.61725	
42.75	1.66473	
43	1.12747	
43.25	1.83386	
43.5	0.842468	
43.75	4.61169	
44	3.33163	
44.25	3.27646	
44.5	1.70795	
44.75	2.51059	
45	4.38708	
45.25	3.80557	
45.5	4.07748	
45.75	3.43607	
46	2.4259	
46.25	4.01172	
46.5	1.92105	
46.75	3.20624	
47	1.83017	
47.25	1.74362	
47.5	1.99933	
47.75	1.72003	
48	1.07608	
48.25	2.61755	
48.5	1.31659	
48.75	3.36826	
49	2.22943	
49.25	1.99484	
49.5	1.78159	
49.75	1.39874	
50	1.39874	
50.25	2.93549	
50.5	4.32916	
50.75	1.92578	
51	3.09445	
51.25	3.38953	
51.5	2.04468	
51.75	2.6362	
52	1.2193	
52.25	3.50388	
52.5	4.79568	
52.75	5.82101	
53	1.81625	
53.25	2.86908	
53.5	1.93533	
53.75	2.46008	
54	4.29343	
54.25	4.8537	
54.5	4.02386	
54.75	6.48706	
55	3.99603	
55.25	1.95938	
55.5	2.38104	
55.75	3.82648	
56	3.5025	
56.25	2.73328	
56.5	3.9465	
56.75	2.90491	
57	2.35501	
57.25	2.35556	
57.5	5.16196	
57.75	4.11829	
58	3.31537	
58.25	3.91736	
58.5	2.63321	
58.75	2.90329	
59	2.55832	
59.25	3.74252	
59.5	1.53159	
59.75	1.08765	
60	1.2587	
60.25	3.37222	
60.5	3.78061	
60.75	3.58499	
61	3.32935	
61.25	3.34946	
61.5	2.63718	
61.75	3.09201	
62	3.39191	
62.25	3.89578	
62.5	2.85544	
62.75	2.80334	
63	3.8421	
63.25	3.17435	
63.5	3.13657	
63.75	3.24374	
64	3.64084	
64.25	3.35684	
64.5	2.72781	
64.75	4.32748	
65	3.76639	
65.25	3.76639	
65.5	3.8761	
65.75	3.47595	
66	3.64554	
66.25	3.18652	
66.5	3.55969	
66.75	3.88593	
67	3.76245	
67.25	3.30664	
67.5	3.30664	
67.75	3.73862	
68	4.21414	
68.25	5.16348	
68.5	4.06	
68.75	4.77432	
69	3.26477	
69.25	3.50787	
69.5	4.8132	
69.75	4.7373	
70	4.21799	
70.25	5.03189	
70.5	4.25113	
70.75	4.67014	
71	4.80444	
71.25	4.92679	
71.5	5.07849	
71.75	3.74802	
72	4.92459	
72.25	4.51785	
72.5	4.54507	
72.75	4.15759	
73	5.7757	
73.25	4.61075	
73.5	4.61075	
73.75	3.78967	
74	5.46918	
74.25	3.54291	
74.5	4.47952	
74.75	3.36063	
75	4.76169	
75.25	4.41837	
75.5	4.02039	
75.75	4.23291	
76	4.34723	
76.25	4.09531	
76.5	3.88873	
76.75	4.16498	
77	3.7131	
77.25	3.56232	
77.5	4.86276	
77.75	4.78281	
78	3.93631	
78.25	3.32913	
78.5	4.13708	
78.75	5.34192	
79	3.60236	
79.25	4.42221	
79.5	2.87054	
79.75	3.03632	
80	3.95557	
80.25	3.92264	
80.5	4.00418	
80.75	3.7146	
81	4.52127	
81.25	3.72229	
81.5	3.58118	
81.75	3.72705	
82	4.22491	
82.25	4.37177	
82.5	4.17856	
82.75	3.85355	
83	3.62186	
83.25	3.91528	
83.5	3.91248	
83.75	4.45535	
84	3.76764	
84.25	4.65601	
84.5	4.18198	
84.75	3.81482	
85	3.77689	
85.25	4.49997	
85.5	4.09891	
85.75	3.52274	
86	4.46738	
86.25	4.16339	
86.5	4.90668	
86.75	4.63254	
87	3.64764	
87.25	3.78491	
87.5	3.76315	
87.75	3.32965	
88	4.71704	
88.25	4.49609	
88.5	4.19946	
88.75	4.40002	
89	4.40002	
89.25	4.82004	
89.5	4.68564	
89.75	4.45697	
90	4.59909	
90.25	4.25705	
90.5	4.83347	
90.75	4.349	
91	4.61221	
91.25	5.14789	
91.5	5.81726	
91.75	5.23734	
92	5.67419	
92.25	5.86423	
92.5	5.90121	
92.75	6.27521	
93	5.34848	
93.25	6.36447	
93.5	5.75589	
93.75	5.47549	
94	6.05295	
94.25	5.57846	
94.5	6.7016	
94.75	5.58633	
95	6.43042	
95.25	6.24631	
95.5	6.31174	
95.75	6.21921	
96	6.52982	
96.25	4.71185	
96.5	6.1954	
96.75	5.64017	
97	5.52747	
97.25	4.82709	
97.5	5.21017	
97.75	4.26266	
98	4.98883	
98.25	4.6535	
98.5	4.43176	
98.75	3.89798	
99	4.21274	
99.25	3.63538	
99.5	3.81274	
99.75	3.74216	
100	3.56223	
100.25	3.70407	
100.5	3.71463	
100.75	3.19208	
101	0.342926	
