Frequency - Plot 0	Amplitude - Plot 0	
1	-2.62573	
1.25	-2.83447	
1.5	-2.83447	
1.75	-2.83447	
2	-3.12012	
2.25	-3.1311	
2.5	-3.1311	
2.75	-4.04297	
3	-4.04297	
3.25	-4.04297	
3.5	-4.76807	
3.75	-4.76807	
4	-5.33936	
4.25	-6.1853	
4.5	-6.1853	
4.75	-7.02026	
5	-6.9873	
5.25	-6.85547	
5.5	-6.85547	
5.75	-7.65747	
6	-8.06396	
6.25	-8.06396	
6.5	-8.06396	
6.75	-9.01978	
7	-9.01978	
7.25	-9.76685	
7.5	-9.49219	
7.75	-9.49219	
8	-10.0195	
8.25	-10.0195	
8.5	-10.0195	
8.75	-12.6892	
9	-13.7769	
9.25	-14.1724	
9.5	-14.1724	
9.75	-14.3811	
10	-14.2712	
10.25	-14.2712	
10.5	-14.2712	
10.75	-15.1941	
11	-14.7107	
11.25	-12.9089	
11.5	-13.4253	
11.75	-15.1721	
12	-15.0073	
12.25	-15.1941	
12.5	-14.7546	
12.75	-16.5454	
13	-16.7542	
13.25	-19.2261	
13.5	-19.2261	
13.75	-19.2261	
14	-22.3462	
14.25	-23.5657	
14.5	-17.9077	
14.75	-19.0173	
15	-20.4456	
15.25	-20.4456	
15.5	-25.4114	
15.75	-25.2356	
16	-25.9167	
16.25	-25.9167	
16.5	-28.6194	
16.75	-28.6194	
17	-33.4534	
17.25	-32.5195	
17.5	-35.4089	
17.75	-39.2761	
18	-40.4736	
18.25	-40.957	
18.5	-40.7373	
18.75	-42.9346	
19	-43.6267	
19.25	-43.1653	
19.5	-48.3838	
19.75	-52.5366	
20	-51.2622	
20.25	-52.8882	
20.5	-53.8879	
20.75	-54.6899	
21	-54.7559	
21.25	-58.2495	
21.5	-63.5889	
21.75	-64.9951	
22	-64.259	
22.25	-64.259	
22.5	-64.7754	
22.75	-68.0823	
23	-72.1362	
23.25	-72.1362	
23.5	-71.4441	
23.75	-73.2568	
24	-73.7292	
24.25	-73.3777	
24.5	-72.0044	
24.75	-78.8489	
25	-76.6187	
25.25	-78.3875	
25.5	-77.7283	
25.75	-81.2439	
26	-78.6292	
26.25	-88.1323	
26.5	-94.021	
26.75	-92.9553	
27	-91.9556	
27.25	-91.9556	
27.5	-94.054	
27.75	-98.2727	
28	-92.9114	
28.25	-92.9114	
28.5	-87.8357	
28.75	-87.8357	
29	-93.8013	
29.25	-79.7278	
29.5	-67.3242	
29.75	-36.9141	
30	-36.9141	
30.25	-36.9141	
30.5	-28.103	
30.75	-32.0251	
31	-32.5964	
31.25	-29.6082	
31.5	-29.6082	
31.75	-49.2078	
32	-50.1746	
32.25	-56.0413	
32.5	-58.2275	
32.75	-58.2275	
33	-58.2275	
33.25	-66.0608	
33.5	-60.1611	
33.75	-65.5774	
34	-65.5774	
34.25	-65.5774	
34.5	-56.4807	
34.75	-77.3218	
35	-69.0161	
35.25	-70.0708	
35.5	-70.5762	
35.75	-78.761	
36	-66.4453	
36.25	-83.1116	
36.5	-80.6506	
36.75	-80.6506	
37	-98.6353	
37.25	-90.7361	
37.5	-91.7468	
37.75	-105.194	
38	-103.447	
38.25	-121.421	
38.5	-97.5586	
38.75	-113.698	
39	-122.64	
39.25	-122.64	
39.5	-122.64	
39.75	-120.883	
40	-117.751	
40.25	-124.211	
40.5	-106.194	
40.75	-113.269	
41	-110.72	
41.25	-118.257	
41.5	-101.448	
41.75	-146.997	
42	-89.5496	
42.25	-81.3208	
42.5	-86.759	
42.75	-132.396	
43	-96.6138	
43.25	-86.9348	
43.5	-76.6956	
43.75	-37.1558	
44	-34.3323	
44.25	-57.5903	
44.5	-63.3472	
44.75	-49.3396	
45	-39.5947	
45.25	-95.614	
45.5	-95.614	
45.75	-58.9087	
46	-45.0439	
46.25	-1.18652	
46.5	-77.4207	
46.75	-77.4207	
47	-77.4207	
47.25	-65.0061	
47.5	-65.0061	
47.75	-81.7273	
48	-10.2063	
48.25	178.451	
48.5	-22.1155	
48.75	82.3096	
49	-71.3123	
49.25	-17.5012	
49.5	-33.8599	
49.75	-40.4297	
50	-45.3955	
50.25	-35.6396	
50.5	-105.952	
50.75	-50.9106	
51	-36.7053	
51.25	-31.8054	
51.5	-69.6533	
51.75	-35.321	
52	-35.321	
52.25	-49.1748	
52.5	-52.1851	
52.75	-30.2014	
53	-45.5713	
53.25	-19.9182	
53.5	-56.9751	
53.75	-30.3442	
54	-33.2227	
54.25	-40.8801	
54.5	-35.9583	
54.75	-52.4927	
55	-36.8152	
55.25	-36.925	
55.5	-32.7393	
55.75	-49.5264	
56	-30.3772	
56.25	-47.3511	
56.5	-58.8538	
56.75	-40.3967	
57	-11.8323	
57.25	-60.1941	
57.5	-40.188	
57.75	-50.5591	
58	-33.6841	
58.25	-45.1978	
58.5	-37.9687	
58.75	-43.1982	
59	-43.407	
59.25	-47.5159	
59.5	-23.5437	
59.75	-62.1057	
60	-21.3574	
60.25	-26.8396	
60.5	-28.6304	
60.75	-32.937	
61	-45.4724	
61.25	-20.5334	
61.5	-45.791	
61.75	-45.791	
62	-45.791	
62.25	-51.6907	
62.5	-39.9792	
62.75	-22.7307	
63	-65.7642	
63.25	-50.1965	
63.5	-16.908	
63.75	-38.6279	
64	-21.698	
64.25	-47.0544	
64.5	-45.9998	
64.75	-54.613	
65	-28.7512	
65.25	-36.6504	
65.5	-30.9375	
65.75	-35.332	
66	-28.125	
66.25	-24.3347	
66.5	-35.0134	
66.75	-44.6045	
67	-18.6548	
67.25	-44.5605	
67.5	-65.7422	
67.75	-33.772	
68	-24.2798	
68.25	-55.2283	
68.5	-32.2778	
68.75	-35.0903	
69	-32.981	
69.25	-27.3999	
69.5	-22.5549	
69.75	-37.9797	
70	-27.7075	
70.25	-37.1558	
70.5	-33.5083	
70.75	-27.7515	
71	-33.1897	
71.25	-44.9451	
71.5	-45.6372	
71.75	-35.1013	
72	-49.3396	
72.25	-24.8291	
72.5	-39.9023	
72.75	-20.2478	
73	-51.8994	
73.25	-25.5762	
73.5	-33.2666	
73.75	-49.801	
74	-26.488	
74.25	-46.0657	
74.5	-27.1362	
74.75	-55.5249	
75	-37.5513	
75.25	-26.2024	
75.5	-41.0669	
75.75	-34.8706	
76	-46.8677	
76.25	-41.0559	
76.5	-40.2429	
76.75	-40.2429	
77	-41.8689	
77.25	-36.2659	
77.5	-42.4731	
77.75	-41.2317	
78	-40.1331	
78.25	-56.3049	
78.5	-40.8362	
78.75	-36.0352	
79	-38.2654	
79.25	-40.1001	
79.5	-54.4043	
79.75	-40.5835	
80	-51.0535	
80.25	-55.8984	
80.5	-56.9202	
80.75	-58.5571	
81	-53.031	
81.25	-60.1172	
81.5	-66.7419	
81.75	-76.7395	
82	-66.698	
82.25	-50.625	
82.5	-65.9949	
82.75	-56.7554	
83	-61.3257	
83.25	-61.4136	
83.5	-58.2166	
83.75	-57.9089	
84	-62.3364	
84.25	-56.1621	
84.5	-66.698	
84.75	-67.6099	
85	-71.2573	
85.25	-53.4485	
85.5	-46.3293	
85.75	-74.8718	
86	-64.9841	
86.25	-68.5327	
86.5	-66.4783	
86.75	-65.4895	
87	-69.6863	
87.25	-58.2825	
87.5	-44.8242	
87.75	-50.7349	
88	-55.0745	
88.25	-49.2957	
88.5	-72.3889	
88.75	-53.2507	
89	-52.6135	
89.25	-56.4368	
89.5	-54.3274	
89.75	-63.7646	
90	-49.1418	
90.25	-58.3923	
90.5	-58.3594	
90.75	-63.2703	
91	-69.5874	
91.25	-66.2476	
91.5	-66.2476	
91.75	-67.2253	
92	-71.554	
92.25	-54.9976	
92.5	-70.3674	
92.75	-53.3606	
93	-56.3489	
93.25	-68.0713	
93.5	-66.3574	
93.75	-53.1189	
94	-63.479	
94.25	-80.0354	
94.5	-69.0161	
94.75	-64.7754	
95	-67.9834	
95.25	-59.3811	
95.5	-56.0962	
95.75	-60.9521	
96	-69.2029	
96.25	-70.1038	
96.5	-53.2947	
96.75	-82.4744	
97	-69.1479	
97.25	-54.0088	
97.5	-71.2573	
97.75	-68.4558	
98	-62.8308	
98.25	-57.063	
98.5	-62.9736	
98.75	-64.0393	
99	-64.7864	
99.25	-70.0159	
99.5	-73.7622	
99.75	-60.8752	
100	-71.6199	
100.25	-77.0911	
100.5	-72.6086	
100.75	-74.8059	
101	-10.5579	
