Frequency - Plot 0	Amplitude - Plot 0	
1	-8.95386	
1.25	-8.95386	
1.5	-8.95386	
1.75	-8.05298	
2	-8.05298	
2.25	-8.05298	
2.5	-8.49243	
2.75	-8.49243	
3	-8.49243	
3.25	-8.49243	
3.5	-8.49243	
3.75	-9.66797	
4	-10.3931	
4.25	-10.9753	
4.5	-10.9753	
4.75	-11.1072	
5	-11.5686	
5.25	-11.5686	
5.5	-12.4585	
5.75	-12.9858	
6	-12.9858	
6.25	-13.623	
6.5	-13.8428	
6.75	-13.8428	
7	-14.1174	
7.25	-13.4912	
7.5	-13.4912	
7.75	-14.5459	
8	-14.5459	
8.25	-15.4797	
8.5	-15.4797	
8.75	-15.3149	
9	-15.3149	
9.25	-15.3149	
9.5	-16.5674	
9.75	-17.3694	
10	-17.7759	
10.25	-18.1824	
10.5	-19.281	
10.75	-19.281	
11	-20.4785	
11.25	-22.8735	
11.5	-22.6208	
11.75	-22.7087	
12	-23.1812	
12.25	-23.5657	
12.5	-24.4006	
12.75	-24.4885	
13	-23.8293	
13.25	-25.0378	
13.5	-25.686	
13.75	-25.686	
14	-26.3892	
14.25	-25.9387	
14.5	-24.928	
14.75	-27.7075	
15	-26.1145	
15.25	-26.3782	
15.5	-26.3782	
15.75	-28.4875	
16	-31.1133	
16.25	-31.2671	
16.5	-32.3218	
16.75	-32.3218	
17	-35.0354	
17.25	-41.3416	
17.5	-41.3416	
17.75	-41.5393	
18	-43.7805	
18.25	-44.7253	
18.5	-47.7356	
18.75	-48.4607	
19	-48.4607	
19.25	-48.4607	
19.5	-53.4485	
19.75	-55.1294	
20	-54.1846	
20.25	-54.4153	
20.5	-54.4153	
20.75	-54.3054	
21	-54.8987	
21.25	-54.8987	
21.5	-55.0415	
21.75	-57.9089	
22	-59.3811	
22.25	-60.2161	
22.5	-61.3037	
22.75	-61.3037	
23	-61.2378	
23.25	-63.8086	
23.5	-63.7646	
23.75	-63.8635	
24	-65.5334	
24.25	-66.4563	
24.5	-66.2585	
24.75	-68.0823	
25	-68.0823	
25.25	-70.3235	
25.5	-72.7185	
25.75	-73.4436	
26	-71.6968	
26.25	-72.2681	
26.5	-77.0471	
26.75	-77.7063	
27	-77.7063	
27.25	-76.2561	
27.5	-78.1018	
27.75	-80.1123	
28	-79.2444	
28.25	-79.2444	
28.5	-84.1553	
28.75	-87.55	
29	-91.626	
29.25	-91.0437	
29.5	-88.6377	
29.75	-91.9556	
30	-99.1626	
30.25	-98.009	
30.5	-99.1187	
30.75	-96.2073	
31	-105.315	
31.25	-103.579	
31.5	-103.579	
31.75	-105.634	
32	-103.019	
32.25	-99.8987	
32.5	-99.8987	
32.75	-101.14	
33	-111.072	
33.25	-111.533	
33.5	-114.214	
33.75	-111.028	
34	-116.093	
34.25	-118.521	
34.5	-118.092	
34.75	-118.092	
35	-113.588	
35.25	-123.739	
35.5	-126.617	
35.75	-123.245	
36	-123.245	
36.25	-126.65	
36.5	-141.812	
36.75	-135.78	
37	-146.722	
37.25	-136.582	
37.5	-134.275	
37.75	-163.51	
38	-141.306	
38.25	-139.373	
38.5	-157.621	
38.75	-161.763	
39	-172.123	
39.25	-158.148	
39.5	-175.485	
39.75	-165.256	
40	-170.75	
40.25	-166.904	
40.5	-153.765	
40.75	-160.763	
41	-169.113	
41.25	-173.002	
41.5	-155.435	
41.75	-155.435	
42	178.099	
42.25	154.622	
42.5	-147.491	
42.75	-165.092	
43	143.866	
43.25	-166.355	
43.5	-160.148	
43.75	-160.148	
44	-177.1	
44.25	-116.51	
44.5	178.857	
44.75	171.892	
45	171.892	
45.25	-106.732	
45.5	163.356	
45.75	-177.1	
46	-152.556	
46.25	169.124	
46.5	157.104	
46.75	-177.858	
47	-158.785	
47.25	170.925	
47.5	-164.377	
47.75	-104.073	
48	141.603	
48.25	-22.9285	
48.5	122.267	
48.75	151.095	
49	3.86719	
49.25	-144.932	
49.5	-13.5461	
49.75	-133.099	
50	126.167	
50.25	-11.25	
50.5	-39.6606	
50.75	134.066	
51	-119.432	
51.25	-140.46	
51.5	-124.497	
51.75	-48.0103	
52	-161.906	
52.25	-85.7812	
52.5	11.5796	
52.75	-12.4365	
53	8.44849	
53.25	158.5	
53.5	-69.0381	
53.75	-21.0059	
54	126.211	
54.25	-6.06445	
54.5	-4.71313	
54.75	16.7432	
55	18.2263	
55.25	-49.2957	
55.5	-14.3372	
55.75	46.5381	
56	-58.8867	
56.25	-66.1267	
56.5	105.348	
56.75	-164.103	
57	-2.58179	
57.25	-30.2124	
57.5	-61.106	
57.75	-18.3032	
58	-16.7432	
58.25	-27.1143	
58.5	-31.2341	
58.75	-14.1943	
59	-42.4182	
59.25	-59.8975	
59.5	-30.5859	
59.75	-19.1711	
60	-11.3708	
60.25	-53.7451	
60.5	-36.5186	
60.75	2.30713	
61	-19.3799	
61.25	-42.3853	
61.5	-30.7397	
61.75	-10.1404	
62	-16.3037	
62.25	-21.5552	
62.5	-58.8428	
62.75	5.72388	
63	55.1514	
63.25	-53.7891	
63.5	-0.41748	
63.75	-52.24	
64	56.7444	
64.25	140.273	
64.5	161.927	
64.75	-64.4238	
65	11.0083	
65.25	-65.2698	
65.5	-38.2544	
65.75	16.3696	
66	-77.97	
66.25	-21.9177	
66.5	-24.1809	
66.75	-6.1853	
67	8.1958	
67.25	-17.4353	
67.5	-20.5774	
67.75	-15.9961	
68	-29.9268	
68.25	-34.5081	
68.5	-36.5405	
68.75	-34.7058	
69	-12.5024	
69.25	-16.9958	
69.5	-17.5122	
69.75	-33.3765	
70	-30.9595	
70.25	-38.2434	
70.5	-25.5762	
70.75	-25.9937	
71	-28.3557	
71.25	-29.4214	
71.5	-42.3743	
71.75	-24.2688	
72	-15.4907	
72.25	-32.157	
72.5	-40.6274	
72.75	-40.7703	
73	-20.6982	
73.25	-12.7771	
73.5	-21.2585	
73.75	-19.2261	
74	-12.5024	
74.25	-32.926	
74.5	-32.926	
74.75	-21.5662	
75	-24.3127	
75.25	-19.6326	
75.5	-28.905	
75.75	-33.1238	
76	-25.5762	
76.25	-39.2212	
76.5	-28.0701	
76.75	-33.1018	
77	-32.179	
77.25	-35.2991	
77.5	-37.5513	
77.75	-21.0059	
78	-33.3435	
78.25	-25.1038	
78.5	-19.8853	
78.75	-34.7937	
79	-19.1711	
79.25	-40.4736	
79.5	-29.5532	
79.75	-19.6545	
80	-43.6707	
80.25	-41.2866	
80.5	-41.2866	
80.75	-24.5874	
81	-34.7937	
81.25	-36.936	
81.5	-28.2019	
81.75	-28.2019	
82	-34.8816	
82.25	-34.9915	
82.5	-39.2981	
82.75	-34.8157	
83	-34.8157	
83.25	-38.8806	
83.5	-42.0557	
83.75	-39.8584	
84	-30.6848	
84.25	-34.4531	
84.5	-44.165	
84.75	-42.1106	
85	-45.8899	
85.25	-28.3337	
85.5	-52.0862	
85.75	-20.9729	
86	-20.9729	
86.25	-26.2793	
86.5	-35.6396	
86.75	-31.2341	
87	-26.7737	
87.25	-43.5937	
87.5	-45.9998	
87.75	-26.2903	
88	-32.3877	
88.25	-41.1768	
88.5	-36.6174	
88.75	-48.6804	
89	-45.0659	
89.25	-39.8584	
89.5	-45.1428	
89.75	-32.157	
90	-45.9229	
90.25	-43.0554	
90.5	-40.6384	
90.75	-41.3745	
91	-36.2878	
91.25	-47.6807	
91.5	-37.6062	
91.75	-37.8589	
92	-34.7937	
92.25	-40.9351	
92.5	-30.3992	
92.75	-45.2417	
93	-50.0757	
93.25	-43.8354	
93.5	-51.1414	
93.75	-49.4165	
94	-35.2222	
94.25	-36.6614	
94.5	-27.9932	
94.75	-33.6621	
95	-49.9988	
95.25	-37.8699	
95.5	-28.0042	
95.75	-39.6497	
96	-42.55	
96.25	-17.0728	
96.5	-27.7515	
96.75	-40.2649	
97	-42.9126	
97.25	-36.8921	
97.5	-32.4646	
97.75	-47.8455	
98	-45.0989	
98.25	-47.45	
98.5	-50.6909	
98.75	-50.7349	
99	-55.1184	
99.25	-49.043	
99.5	-44.8462	
99.75	-46.4832	
100	-48.5925	
100.25	-50.3394	
100.5	-47.7686	
100.75	-44.5935	
101	-173.485	
