Frequency - Plot 0	Amplitude - Plot 0	
1	9.8074	
1.25	9.8074	
1.5	10.9749	
1.75	10.7268	
2	10.7268	
2.25	10.7268	
2.5	10.7268	
2.75	10.4148	
3	10.4801	
3.25	10.4801	
3.5	10.5324	
3.75	10.9222	
4	10.9222	
4.25	11.1173	
4.5	11.3556	
4.75	11.382	
5	11.382	
5.25	11.382	
5.5	11.3732	
5.75	11.3732	
6	11.4214	
6.25	11.362	
6.5	11.2198	
6.75	11.5832	
7	11.6616	
7.25	11.6616	
7.5	11.9259	
7.75	11.9259	
8	11.7646	
8.25	11.803	
8.5	11.8644	
8.75	11.9093	
9	11.9594	
9.25	11.9594	
9.5	11.9752	
9.75	12.0578	
10	12.0836	
10.25	12.0744	
10.5	12.0744	
10.75	12.1	
11	12.1643	
11.25	12.52	
11.5	12.5266	
11.75	12.4484	
12	12.3118	
12.25	12.3025	
12.5	12.3589	
12.75	12.3077	
13	12.0821	
13.25	12.0821	
13.5	12.0821	
13.75	12.0821	
14	12.9321	
14.25	12.885	
14.5	12.885	
14.75	12.885	
15	12.9963	
15.25	13.1956	
15.5	13.3587	
15.75	13.1497	
16	13.1497	
16.25	13.1282	
16.5	12.9741	
16.75	13.6766	
17	13.8453	
17.25	13.6028	
17.5	13.5349	
17.75	13.2286	
18	12.9709	
18.25	13.1888	
18.5	13.4709	
18.75	13.6432	
19	13.9738	
19.25	14.1043	
19.5	14.1043	
19.75	13.511	
20	12.9973	
20.25	13.5665	
20.5	13.9804	
20.75	13.705	
21	13.8135	
21.25	13.3104	
21.5	12.5385	
21.75	12.7296	
22	12.7296	
22.25	12.7296	
22.5	12.541	
22.75	12.7682	
23	11.9048	
23.25	11.2869	
23.5	11.2869	
23.75	11.0796	
24	10.372	
24.25	10.372	
24.5	9.67178	
24.75	9.67178	
25	9.49136	
25.25	9.27609	
25.5	9.27609	
25.75	8.37137	
26	8.53751	
26.25	6.5929	
26.5	6.16632	
26.75	6.16632	
27	6.08951	
27.25	6.08951	
27.5	6.72189	
27.75	6.65143	
28	6.82114	
28.25	6.30228	
28.5	6.25018	
28.75	6.83539	
29	7.33282	
29.25	6.94113	
29.5	6.64566	
29.75	7.47626	
30	7.38589	
30.25	6.9585	
30.5	6.93863	
30.75	7.20108	
31	7.32993	
31.25	6.81473	
31.5	6.37897	
31.75	6.67288	
32	6.3335	
32.25	6.10336	
32.5	5.58691	
32.75	5.93631	
33	6.26788	
33.25	5.83109	
33.5	5.83109	
33.75	5.1958	
34	6.04996	
34.25	5.44345	
34.5	4.66147	
34.75	5.45834	
35	5.51242	
35.25	5.3457	
35.5	4.58569	
35.75	4.36707	
36	4.10211	
36.25	3.95618	
36.5	4.76526	
36.75	3.94666	
37	3.94666	
37.25	4.69818	
37.5	4.14511	
37.75	2.88705	
38	3.23718	
38.25	3.33905	
38.5	2.75467	
38.75	3.46783	
39	2.80997	
39.25	2.80997	
39.5	2.16116	
39.75	2.16116	
40	2.24615	
40.25	1.78683	
40.5	1.78683	
40.75	2.19846	
41	2.16803	
41.25	1.37311	
41.5	1.45563	
41.75	1.90546	
42	0.473389	
42.25	0.473389	
42.5	0.95874	
42.75	0.916046	
43	0.797455	
43.25	0.674744	
43.5	0.674744	
43.75	0.674744	
44	0.890991	
44.25	0.616791	
44.5	1.35336	
44.75	0.611176	
45	0.176697	
45.25	0.337982	
45.5	0.474396	
45.75	1.0733	
46	1.0733	
46.25	0.21991	
46.5	1.22443	
46.75	0.662079	
47	1.58435	
47.25	0.881958	
47.5	1.12375	
47.75	0.526764	
48	0.522766	
48.25	1.65085	
48.5	1.21741	
48.75	1.48227	
49	2.22839	
49.25	1.27316	
49.5	0.672089	
49.75	3.91769	
50	1.66025	
50.25	3.79141	
50.5	1.1051	
50.75	3.30829	
51	3.94153	
51.25	2.13153	
51.5	4.26086	
51.75	4.01782	
52	5.49728	
52.25	1.2645	
52.5	3.78589	
52.75	3.3541	
53	5.06479	
53.25	1.69086	
53.5	1.69086	
53.75	3.53748	
54	4.35083	
54.25	2.76886	
54.5	1.55728	
54.75	2.5882	
55	3.96304	
55.25	2.25513	
55.5	3.30405	
55.75	5.42426	
56	0.523163	
56.25	4.09015	
56.5	2.20908	
56.75	5.63565	
57	2.39713	
57.25	3.54321	
57.5	3.68762	
57.75	3.6153	
58	4.6954	
58.25	3.61514	
58.5	3.48615	
58.75	5.3154	
59	4.48093	
59.25	5.13379	
59.5	2.35327	
59.75	3.20724	
60	3.0256	
60.25	2.18478	
60.5	3.32922	
60.75	4.28333	
61	4.36426	
61.25	1.27411	
61.5	3.23477	
61.75	2.83365	
62	2.83365	
62.25	2.75525	
62.5	2.45599	
62.75	2.49261	
63	2.9516	
63.25	1.88324	
63.5	1.88324	
63.75	1.90857	
64	2.52136	
64.25	3.96503	
64.5	3.12299	
64.75	3.68921	
65	1.19824	
65.25	3.58145	
65.5	3.05984	
65.75	3.05984	
66	2.6673	
66.25	2.31018	
66.5	3.66779	
66.75	2.45377	
67	2.9487	
67.25	3.88309	
67.5	3.05093	
67.75	3.93872	
68	3.18063	
68.25	3.22372	
68.5	3.74683	
68.75	3.12375	
69	3.26608	
69.25	2.3161	
69.5	3.15073	
69.75	3.61438	
70	3.58044	
70.25	2.6427	
70.5	3.68643	
70.75	2.88858	
71	3.27026	
71.25	2.68549	
71.5	4.0079	
71.75	2.43698	
72	3.42068	
72.25	2.81543	
72.5	3.70319	
72.75	2.10977	
73	4.49603	
73.25	2.57825	
73.5	3.15082	
73.75	2.59534	
74	2.8775	
74.25	3.66678	
74.5	3.50671	
74.75	4.14938	
75	3.50394	
75.25	3.29816	
75.5	3.78186	
75.75	4.64343	
76	4.28827	
76.25	4.15695	
76.5	3.6004	
76.75	4.37683	
77	4.77051	
77.25	3.88635	
77.5	4.08316	
77.75	4.17163	
78	4.58804	
78.25	5.3515	
78.5	3.92181	
78.75	3.55234	
79	4.37784	
79.25	4.66766	
79.5	3.31189	
79.75	5.2468	
80	3.7843	
80.25	3.89917	
80.5	5.50012	
80.75	5.30087	
81	5.26694	
81.25	3.72919	
81.5	4.09726	
81.75	4.17038	
82	4.85928	
82.25	5.24097	
82.5	4.80719	
82.75	4.85098	
83	4.49292	
83.25	5.05319	
83.5	4.59583	
83.75	4.4762	
84	4.81836	
84.25	5.38272	
84.5	5.0679	
84.75	5.19574	
85	4.61948	
85.25	4.88754	
85.5	5.27655	
85.75	4.91583	
86	4.34409	
86.25	4.00766	
86.5	4.66483	
86.75	5.57126	
87	3.65903	
87.25	4.38516	
87.5	5.39676	
87.75	4.68536	
88	4.11893	
88.25	3.89713	
88.5	5.10452	
88.75	4.92664	
89	4.63495	
89.25	4.52444	
89.5	4.65939	
89.75	5.46329	
90	5.10974	
90.25	5.14676	
90.5	5.14676	
90.75	5.4205	
91	5.3172	
91.25	5.22644	
91.5	5.32401	
91.75	5.45569	
92	4.91156	
92.25	4.54068	
92.5	5.48013	
92.75	4.50815	
93	5.20407	
93.25	4.27161	
93.5	5.28961	
93.75	4.61349	
94	5.87674	
94.25	4.94424	
94.5	5.59839	
94.75	5.15002	
95	4.66367	
95.25	4.70062	
95.5	3.68927	
95.75	4.53613	
96	4.86694	
96.25	5.27545	
96.5	5.21484	
96.75	5.36282	
97	4.20377	
97.25	4.68124	
97.5	5.16168	
97.75	4.98819	
98	4.01187	
98.25	4.24084	
98.5	4.16434	
98.75	4.16434	
99	4.98398	
99.25	4.6235	
99.5	4.81183	
99.75	4.81531	
100	4.62668	
100.25	4.8403	
100.5	4.77548	
100.75	4.28113	
101	0.546448	
1	1.60764	
1.25	1.60764	
1.5	1.60764	
1.75	8.71341	
2	8.80331	
2.25	8.85468	
2.5	8.85468	
2.75	8.87109	
3	8.87109	
3.25	8.86392	
3.5	8.98547	
3.75	8.98547	
4	9.23608	
4.25	9.31644	
4.5	9.31003	
4.75	9.31003	
5	9.31003	
5.25	9.12207	
5.5	8.95804	
5.75	8.95804	
6	8.86307	
6.25	8.85345	
6.5	8.85345	
6.75	9.08575	
7	9.30743	
7.25	9.43106	
7.5	9.80637	
7.75	9.80637	
8	10.2491	
8.25	10.4668	
8.5	10.4668	
8.75	10.6971	
9	10.7867	
9.25	10.7867	
9.5	10.9132	
9.75	11.0326	
10	11.0326	
10.25	11.0326	
10.5	11.2068	
10.75	11.4511	
11	11.4511	
11.25	11.676	
11.5	11.6064	
11.75	11.6064	
12	11.5924	
12.25	11.7368	
12.5	11.4999	
12.75	11.5338	
13	11.5912	
13.25	11.3623	
13.5	11.3623	
13.75	11.1784	
14	11.1784	
14.25	11.1784	
14.5	10.9293	
14.75	10.8885	
15	10.8885	
15.25	11.1678	
15.5	11.2246	
15.75	11.2229	
16	11.2408	
16.25	11.2408	
16.5	11.3461	
16.75	11.182	
17	10.8296	
17.25	10.5671	
17.5	11.6171	
17.75	12.0548	
18	12.6701	
18.25	12.6116	
18.5	12.3175	
18.75	12.3559	
19	12.2936	
19.25	11.6502	
19.5	12.0481	
19.75	12.0349	
20	12.093	
20.25	12.2714	
20.5	12.0734	
20.75	11.2649	
21	11.2649	
21.25	11.2658	
21.5	11.0971	
21.75	11.2166	
22	10.7638	
22.25	9.93231	
22.5	9.89148	
22.75	9.89148	
23	9.61813	
23.25	9.11044	
23.5	9.3139	
23.75	9.24686	
24	7.7117	
24.25	7.27298	
24.5	7.61411	
24.75	7.84305	
25	7.39932	
25.25	7.39453	
25.5	7.29626	
25.75	7.20346	
26	7.20346	
26.25	7.20346	
26.5	6.22327	
26.75	6.52438	
27	6.31628	
27.25	6.31628	
27.5	6.38275	
27.75	6.02988	
28	5.53949	
28.25	5.99683	
28.5	5.99683	
28.75	6.17413	
29	5.66132	
29.25	5.5545	
29.5	6.02145	
29.75	5.33676	
30	5.33676	
30.25	5.48141	
30.5	5.84076	
30.75	5.25766	
31	5.18976	
31.25	5.18976	
31.5	4.94125	
31.75	5.16327	
32	4.811	
32.25	4.86191	
32.5	4.86191	
32.75	4.19699	
33	4.70923	
33.25	4.88953	
33.5	4.44498	
33.75	3.81406	
34	4.46735	
34.25	3.8783	
34.5	4.23138	
34.75	4.46371	
35	4.34906	
35.25	3.64847	
35.5	3.16913	
35.75	3.81604	
36	2.40332	
36.25	3.35632	
36.5	2.50751	
36.75	2.68625	
37	2.56427	
37.25	2.56702	
37.5	2.64523	
37.75	1.89938	
38	1.74191	
38.25	1.90005	
38.5	2.37296	
38.75	1.19333	
39	1.78775	
39.25	1.63364	
39.5	1.61047	
39.75	1.06024	
40	1.08182	
40.25	0.768555	
40.5	1.22748	
40.75	1.87189	
41	1.22565	
41.25	0.55069	
41.5	0.851105	
41.75	0.448669	
42	1.33667	
42.25	0.256104	
42.5	1.09311	
42.75	0.144897	
43	1.36594	
43.25	0.175903	
43.5	0.743988	
43.75	1.09146	
44	0.97998	
44.25	0.97998	
44.5	0.359955	
44.75	0.505585	
45	0.505585	
45.25	0.348297	
45.5	1.33185	
45.75	1.33185	
46	0.86499	
46.25	0.919342	
46.5	0.792664	
46.75	0.792664	
47	0.256348	
47.25	0.739624	
47.5	0.966309	
47.75	0.974976	
48	1.58542	
48.25	1.42657	
48.5	1.41739	
48.75	1.41739	
49	0.912109	
49.25	0.723907	
49.5	0.572815	
49.75	1.12521	
50	1.35226	
50.25	3.39938	
50.5	0.735229	
50.75	1.78424	
51	1.23871	
51.25	1.18448	
51.5	1.18448	
51.75	1.55804	
52	1.48074	
52.25	1.52502	
52.5	1.28262	
52.75	1.02075	
53	1.85733	
53.25	2.48724	
53.5	0.91098	
53.75	2.11771	
54	2.29282	
54.25	2.01135	
54.5	1.02771	
54.75	2.45422	
55	2.26019	
55.25	1.89716	
55.5	2.27481	
55.75	2.68372	
56	3.04034	
56.25	0.439667	
56.5	0.812866	
56.75	2.422	
57	1.11673	
57.25	2.1405	
57.5	2.07455	
57.75	2.37436	
58	1.93335	
58.25	2.54233	
58.5	2.25357	
58.75	2.11304	
59	2.12204	
59.25	1.95294	
59.5	2.8013	
59.75	1.07422	
60	4.54846	
60.25	1.49872	
60.5	4.69049	
60.75	2.7868	
61	1.99921	
61.25	1.40646	
61.5	4.78778	
61.75	3.56412	
62	6.4606	
62.25	5.31949	
62.5	5.42163	
62.75	1.87177	
63	1.6319	
63.25	2.09503	
63.5	1.92914	
63.75	4.16895	
64	0.732941	
64.25	4.56943	
64.5	5.90509	
64.75	1.71967	
65	1.91638	
65.25	1.61429	
65.5	2.87823	
65.75	2.55331	
66	1.89581	
66.25	2.09439	
66.5	3.03955	
66.75	4.17657	
67	4.10205	
67.25	4.76025	
67.5	3.01062	
67.75	1.62183	
68	2.66815	
68.25	1.55225	
68.5	2.92026	
68.75	2.36887	
69	3.57791	
69.25	3.12003	
69.5	2.55811	
69.75	1.23572	
70	2.17041	
70.25	3.3493	
70.5	1.59583	
70.75	2.93579	
71	2.00134	
71.25	1.72021	
71.5	2.7348	
71.75	2.37128	
72	2.86057	
72.25	3.54486	
72.5	3.30869	
72.75	2.7854	
73	2.32892	
73.25	2.34964	
73.5	2.26898	
73.75	2.45609	
74	3.62823	
74.25	3.54053	
74.5	3.10818	
74.75	3.03433	
75	4.06766	
75.25	2.51157	
75.5	2.88461	
75.75	3.71426	
76	3.12555	
76.25	3.42969	
76.5	2.8649	
76.75	2.82428	
77	2.52869	
77.25	2.59634	
77.5	3.2962	
77.75	3.93939	
78	2.28922	
78.25	2.90485	
78.5	4.56116	
78.75	3.70212	
79	2.01187	
79.25	4.51166	
79.5	3.67838	
79.75	3.32272	
80	3.4202	
80.25	2.62518	
80.5	4.55441	
80.75	3.32159	
81	4.56165	
81.25	4.19839	
81.5	3.72495	
81.75	3.87592	
82	3.7352	
82.25	4.16055	
82.5	4.49277	
82.75	4.04602	
83	4.52002	
83.25	4.121	
83.5	4.10474	
83.75	4.00394	
84	4.23398	
84.25	4.58383	
84.5	4.80396	
84.75	5.35602	
85	3.96323	
85.25	3.69412	
85.5	5.85474	
85.75	3.94028	
86	5.00497	
86.25	4.09357	
86.5	4.82184	
86.75	4.83237	
87	5.12543	
87.25	5.04156	
87.5	4.65308	
87.75	3.88434	
88	5.05142	
88.25	4.39539	
88.5	5.008	
88.75	3.8815	
89	4.10391	
89.25	4.04892	
89.5	3.85321	
89.75	4.74518	
90	4.01559	
90.25	4.58325	
90.5	4.57761	
90.75	4.24762	
91	4.28543	
91.25	3.92004	
91.5	4.25339	
91.75	4.3129	
92	5.04282	
92.25	3.79431	
92.5	4.19604	
92.75	3.34744	
93	5.22675	
93.25	2.88281	
93.5	3.38321	
93.75	4.40189	
94	3.31171	
94.25	5.16916	
94.5	4.06891	
94.75	3.11359	
95	3.32434	
95.25	4.74768	
95.5	2.72485	
95.75	4.33026	
96	3.6084	
96.25	4.35471	
96.5	3.2327	
96.75	3.18433	
97	3.64331	
97.25	4.12149	
97.5	3.49301	
97.75	3.72	
98	3.349	
98.25	3.10672	
98.5	3.38715	
98.75	2.97897	
99	3.85059	
99.25	3.50146	
99.5	3.40787	
99.75	3.21729	
100	3.47375	
100.25	3.15237	
100.5	3.35565	
100.75	3.43616	
101	0.284485	
1	0.384583	
1.25	3.89758	
1.5	3.89758	
1.75	3.89758	
2	4.92935	
2.25	4.80328	
2.5	4.80328	
2.75	4.80328	
3	4.80328	
3.25	4.6951	
3.5	4.74329	
3.75	4.74329	
4	4.84698	
4.25	4.99515	
4.5	4.99515	
4.75	4.99515	
5	5.08759	
5.25	5.08759	
5.5	5.26361	
5.75	5.3407	
6	5.40225	
6.25	5.40225	
6.5	5.79666	
6.75	6.10297	
7	6.26697	
7.25	6.40714	
7.5	6.64395	
7.75	6.71243	
8	6.80893	
8.25	6.80893	
8.5	6.99203	
8.75	7.27936	
9	7.47995	
9.25	7.47995	
9.5	7.51736	
9.75	7.87631	
10	7.87631	
10.25	7.96655	
10.5	8.31757	
10.75	8.24634	
11	8.5412	
11.25	8.62018	
11.5	8.68103	
11.75	9.2291	
12	9.11871	
12.25	9.11871	
12.5	8.8038	
12.75	9.134	
13	8.86023	
13.25	8.96588	
13.5	9.25674	
13.75	9.25674	
14	9.41888	
14.25	9.52353	
14.5	9.31268	
14.75	9.16022	
15	9.04111	
15.25	9.04111	
15.5	8.19513	
15.75	8.19513	
16	8.19513	
16.25	7.9068	
16.5	7.87256	
16.75	7.87256	
17	7.99182	
17.25	8.48206	
17.5	8.50949	
17.75	8.5524	
18	8.5524	
18.25	8.5524	
18.5	8.45413	
18.75	8.45413	
19	8.07623	
19.25	8.27036	
19.5	8.71191	
19.75	8.79391	
20	8.79868	
20.25	8.79868	
20.5	8.9129	
20.75	9.01569	
21	9.01569	
21.25	8.3063	
21.5	8.3063	
21.75	8.3063	
22	7.8642	
22.25	7.8642	
22.5	7.7182	
22.75	7.7182	
23	7.7179	
23.25	7.05826	
23.5	7.09808	
23.75	7.09808	
24	6.46176	
24.25	5.99948	
24.5	5.93344	
24.75	6.2348	
25	6.2402	
25.25	6.11908	
25.5	5.90189	
25.75	5.58374	
26	5.33633	
26.25	5.07761	
26.5	4.44449	
26.75	4.44449	
27	4.44449	
27.25	4.52127	
27.5	4.80927	
27.75	4.80927	
28	4.61343	
28.25	4.13998	
28.5	4.43347	
28.75	4.89746	
29	4.89746	
29.25	4.1106	
29.5	4.1106	
29.75	3.25266	
30	4.00314	
30.25	3.78079	
30.5	3.99261	
30.75	3.50391	
31	3.50391	
31.25	3.3519	
31.5	2.94681	
31.75	3.32306	
32	3.24991	
32.25	3.10846	
32.5	3.10846	
32.75	2.17892	
33	2.80988	
33.25	2.80988	
33.5	2.98135	
33.75	2.98135	
34	2.5282	
34.25	1.53729	
34.5	2.84351	
34.75	2.84351	
35	1.81726	
35.25	1.939	
35.5	1.939	
35.75	1.79953	
36	2.45102	
36.25	2.28046	
36.5	1.45795	
36.75	1.62881	
37	2.80307	
37.25	1.86823	
37.5	1.75067	
37.75	3.00259	
38	1.88922	
38.25	1.88922	
38.5	1.78424	
38.75	1.68213	
39	1.41641	
39.25	4.39444	
39.5	0.464417	
39.75	2.02399	
40	3.50348	
40.25	3.50348	
40.5	1.81454	
40.75	1.92133	
41	1.92133	
41.25	1.82794	
41.5	1.82794	
41.75	0.17926	
42	4.09924	
42.25	4.62891	
42.5	0.241821	
42.75	1.01151	
43	0.310547	
43.25	0.310547	
43.5	1.32031	
43.75	1.20062	
44	1.20062	
44.25	1.30414	
44.5	1.05524	
44.75	1.05524	
45	0.624237	
45.25	0.632782	
45.5	0.884277	
45.75	1.01239	
46	1.38818	
46.25	0.719208	
46.5	1.17938	
46.75	3.32678	
47	4.27731	
47.25	4.34918	
47.5	1.06863	
47.75	1.66586	
48	2.67505	
48.25	3.61142	
48.5	3.61142	
48.75	2.28156	
49	2.28156	
49.25	2.18997	
49.5	4.34006	
49.75	4.43488	
50	0.833557	
50.25	1.60934	
50.5	2.1571	
50.75	2.09747	
51	0.819305	
51.25	1.89096	
51.5	2.05005	
51.75	2.2695	
52	0.872009	
52.25	1.16617	
52.5	3.32773	
52.75	3.82709	
53	3.82709	
53.25	2.46484	
53.5	1.48929	
53.75	0.920685	
54	1.21445	
54.25	2.40796	
54.5	1.37857	
54.75	2.14069	
55	1.18744	
55.25	2.57986	
55.5	0.575775	
55.75	0.338318	
56	1.15329	
56.25	2.07608	
56.5	2.07043	
56.75	2.07043	
57	1.96298	
57.25	0.755524	
57.5	3.18576	
57.75	3.18576	
58	0.850739	
58.25	2.21292	
58.5	3.01917	
58.75	1.10837	
59	1.92688	
59.25	2.63849	
59.5	1.52997	
59.75	6.23508	
60	1.61313	
60.25	1.84409	
60.5	2.53851	
60.75	2.43298	
61	2.46313	
61.25	2.46313	
61.5	2.20837	
61.75	2.45639	
62	2.49463	
62.25	2.52615	
62.5	2.58203	
62.75	2.11536	
63	1.47089	
63.25	1.96701	
63.5	2.13803	
63.75	1.1488	
64	1.64169	
64.25	2.40936	
64.5	2.40936	
64.75	2.49774	
65	1.38156	
65.25	2.32861	
65.5	2.08435	
65.75	2.32352	
66	1.66788	
66.25	1.34943	
66.5	1.91901	
66.75	2.34772	
67	1.59497	
67.25	2.85074	
67.5	2.8342	
67.75	1.18188	
68	3.20914	
68.25	1.73697	
68.5	1.10712	
68.75	2.74207	
69	1.20117	
69.25	2.73364	
69.5	2.76334	
69.75	2.38504	
70	2.60831	
70.25	1.51254	
70.5	1.78586	
70.75	1.7197	
71	2.13885	
71.25	2.49463	
71.5	1.90039	
71.75	1.90039	
72	3.26202	
72.25	1.96204	
72.5	1.4462	
72.75	1.4462	
73	2.91327	
73.25	1.63812	
73.5	3.33862	
73.75	2.98621	
74	3.62396	
74.25	3.07742	
74.5	3.23932	
74.75	1.9906	
75	3.45703	
75.25	3.34372	
75.5	3.34372	
75.75	3.14658	
76	2.32321	
76.25	2.5051	
76.5	2.61401	
76.75	3.10504	
77	2.08722	
77.25	2.80453	
77.5	3.44781	
77.75	3.90613	
78	3.49481	
78.25	2.64746	
78.5	3.72699	
78.75	4.12436	
79	3.6618	
79.25	3.13687	
79.5	2.50415	
79.75	2.46423	
80	2.67001	
80.25	2.75937	
80.5	3.77179	
80.75	2.25555	
81	1.65924	
81.25	3.80026	
81.5	3.76459	
81.75	3.31299	
82	3.28271	
82.25	3.30548	
82.5	3.26111	
82.75	3.31866	
83	3.31866	
83.25	3.34885	
83.5	4.11374	
83.75	2.73517	
84	3.15427	
84.25	3.81686	
84.5	3.272	
84.75	3.78326	
85	3.29584	
85.25	3.61447	
85.5	3.98849	
85.75	2.73212	
86	4.33121	
86.25	2.90503	
86.5	2.90253	
86.75	3.49274	
87	4.47571	
87.25	4.99329	
87.5	4.99329	
87.75	4.16013	
88	4.52167	
88.25	4.36273	
88.5	3.7225	
88.75	3.36588	
89	3.86771	
89.25	3.49689	
89.5	4.24512	
89.75	3.4848	
90	3.99026	
90.25	3.17606	
90.5	4.03458	
90.75	3.35779	
91	3.26987	
91.25	2.91055	
91.5	3.42752	
91.75	3.2916	
92	3.62509	
92.25	3.61569	
92.5	3.18286	
92.75	2.78525	
93	3.37393	
93.25	2.53238	
93.5	2.4104	
93.75	2.80435	
94	3.59583	
94.25	2.02386	
94.5	3.09119	
94.75	3.69644	
95	3.44675	
95.25	3.1297	
95.5	2.52216	
95.75	2.09872	
96	3.92819	
96.25	3.16257	
96.5	2.34183	
96.75	3.65189	
97	3.49686	
97.25	2.44827	
97.5	3.76038	
97.75	2.43002	
98	3.46451	
98.25	2.95267	
98.5	3.23898	
98.75	3.23898	
99	3.10245	
99.25	3.55228	
99.5	3.02069	
99.75	3.21844	
100	3.19156	
100.25	3.54587	
100.5	3.51099	
100.75	3.18283	
101	0.5867	
1	0.919464	
1.25	5.05325	
1.5	4.85553	
1.75	4.85553	
2	4.75598	
2.25	4.6586	
2.5	4.80551	
2.75	4.80551	
3	4.80551	
3.25	5.07721	
3.5	5.07721	
3.75	5.07721	
4	5.15274	
4.25	5.15274	
4.5	5.25116	
4.75	5.37061	
5	5.49268	
5.25	5.59512	
5.5	5.68124	
5.75	5.72092	
6	5.72092	
6.25	5.68143	
6.5	5.74121	
6.75	5.74121	
7	5.77533	
7.25	5.99704	
7.5	6.22067	
7.75	6.38962	
8	6.38962	
8.25	6.69449	
8.5	6.77554	
8.75	6.87753	
9	7.19537	
9.25	7.25281	
9.5	7.25281	
9.75	7.35416	
10	7.50287	
10.25	7.50287	
10.5	7.64444	
10.75	7.64444	
11	7.64444	
11.25	7.76889	
11.5	8.32629	
11.75	8.32629	
12	7.85617	
12.25	7.99939	
12.5	7.99939	
12.75	8.05524	
13	8.05524	
13.25	8.59409	
13.5	8.62796	
13.75	8.62796	
14	8.72729	
14.25	8.6879	
14.5	8.33554	
14.75	8.52991	
15	8.38733	
15.25	8.38733	
15.5	8.50897	
15.75	8.3515	
16	8.30347	
16.25	8.11752	
16.5	8.11752	
16.75	8.10681	
17	8.13351	
17.25	8.38641	
17.5	7.9592	
17.75	7.9592	
18	7.70676	
18.25	6.63333	
18.5	6.63577	
18.75	6.79764	
19	6.51013	
19.25	6.77502	
19.5	6.77502	
19.75	6.29272	
20	5.8519	
20.25	5.8718	
20.5	5.55411	
20.75	5.3414	
21	5.33109	
21.25	5.32834	
21.5	5.60263	
21.75	5.8548	
22	6.48444	
22.25	6.48444	
22.5	7.05588	
22.75	7.05588	
23	6.70798	
23.25	6.79904	
23.5	6.72241	
23.75	6.67145	
24	6.556	
24.25	6.556	
24.5	6.30713	
24.75	6.30713	
25	6.30713	
25.25	6.45883	
25.5	5.87396	
25.75	5.86426	
26	5.31805	
26.25	5.547	
26.5	5.43625	
26.75	5.35391	
27	4.88477	
27.25	5.04477	
27.5	4.26913	
27.75	4.29709	
28	4.43298	
28.25	4.21637	
28.5	4.07153	
28.75	3.40222	
29	3.3407	
29.25	3.75272	
29.5	3.8349	
29.75	3.95828	
30	3.19562	
30.25	3.24142	
30.5	2.8479	
30.75	3.54602	
31	3.46384	
31.25	3.41891	
31.5	2.60132	
31.75	2.5495	
32	2.31628	
32.25	2.97119	
32.5	2.78964	
32.75	3.52591	
33	1.80524	
33.25	2.59393	
33.5	2.44418	
33.75	2.18939	
34	2.30701	
34.25	2.04654	
34.5	1.78018	
34.75	2.51135	
35	1.66129	
35.25	2.14865	
35.5	2.12622	
35.75	1.61844	
36	2.76944	
36.25	1.50986	
36.5	1.79025	
36.75	2.05475	
37	1.24158	
37.25	1.91656	
37.5	2.26819	
37.75	2.09491	
38	2.09491	
38.25	1.7131	
38.5	1.97629	
38.75	1.97629	
39	1.91788	
39.25	1.05481	
39.5	1.05481	
39.75	1.04871	
40	0.938934	
40.25	0.752777	
40.5	0.172424	
40.75	1.08118	
41	1.25006	
41.25	0.0727539	
41.5	0.4021	
41.75	0.4021	
42	0.466187	
42.25	0.448425	
42.5	0.419525	
42.75	1.23526	
43	1.23526	
43.25	0.635101	
43.5	0.867584	
43.75	0.380096	
44	1.26489	
44.25	1.35263	
44.5	0.42804	
44.75	1.73199	
45	1.24039	
45.25	0.991577	
45.5	0.991577	
45.75	3.67972	
46	1.72046	
46.25	1.72046	
46.5	1.54651	
46.75	3.23969	
47	1.68741	
47.25	0.930847	
47.5	2.5257	
47.75	2.63608	
48	3.06491	
48.25	3.08344	
48.5	3.45377	
48.75	2.77264	
49	2.77264	
49.25	1.7226	
49.5	3.84167	
49.75	1.15067	
50	1.61032	
50.25	1.68631	
50.5	1.58984	
50.75	0.849457	
51	1.60217	
51.25	0.740295	
51.5	4.10474	
51.75	0.283447	
52	1.42313	
52.25	2.4585	
52.5	2.50058	
52.75	1.78275	
53	1.78275	
53.25	1.83362	
53.5	5.29993	
53.75	1.24182	
54	0.521881	
54.25	0.883423	
54.5	1.31262	
54.75	2.93546	
55	1.40833	
55.25	1.62286	
55.5	1.27969	
55.75	0.124969	
56	0.327423	
56.25	2.36002	
56.5	1.93781	
56.75	1.59235	
57	4.91754	
57.25	1.26694	
57.5	1.55859	
57.75	4.96716	
58	6.06226	
58.25	2.26138	
58.5	1.3006	
58.75	4.53851	
59	1.52066	
59.25	5.21329	
59.5	5.24796	
59.75	4.95139	
60	4.21295	
60.25	5.28802	
60.5	2.83478	
60.75	1.18265	
61	3.52798	
61.25	3.52798	
61.5	3.97153	
61.75	6.41467	
62	1.78568	
62.25	0.941559	
62.5	6.15179	
62.75	3.24341	
63	1.47668	
63.25	4.12161	
63.5	1.67072	
63.75	3.12558	
64	0.404114	
64.25	2.16443	
64.5	2.16443	
64.75	5.4375	
65	0.942993	
65.25	3.28732	
65.5	3.13287	
65.75	1.28949	
66	1.60623	
66.25	1.34229	
66.5	1.09048	
66.75	2.41968	
67	2.43167	
67.25	0.911835	
67.5	2.30801	
67.75	0.948883	
68	0.948883	
68.25	1.25885	
68.5	1.36346	
68.75	1.66415	
69	1.44849	
69.25	3.52368	
69.5	2.84091	
69.75	2.94888	
70	1.82285	
70.25	1.97772	
70.5	2.11176	
70.75	2.15228	
71	2.54031	
71.25	1.12878	
71.5	2.94287	
71.75	1.72012	
72	2.95807	
72.25	2.1347	
72.5	3.65601	
72.75	2.52563	
73	1.40872	
73.25	2.68814	
73.5	2.55637	
73.75	3.59711	
74	3.73535	
74.25	3.8916	
74.5	1.9917	
74.75	2.66611	
75	3.33932	
75.25	2.67151	
75.5	3.20456	
75.75	3.68317	
76	2.82101	
76.25	3.30133	
76.5	2.35373	
76.75	3.24957	
77	2.39709	
77.25	3.02396	
77.5	3.30267	
77.75	3.47653	
78	3.16513	
78.25	3.16751	
78.5	3.95856	
78.75	3.30042	
79	2.32849	
79.25	3.44852	
79.5	3.18555	
79.75	3.09317	
80	4.24005	
80.25	4.35452	
80.5	3.09436	
80.75	3.13535	
81	2.48407	
81.25	3.40671	
81.5	3.89944	
81.75	3.85074	
82	2.67621	
82.25	2.92508	
82.5	3.7142	
82.75	3.47842	
83	3.04245	
83.25	3.50839	
83.5	3.17899	
83.75	3.44128	
84	3.14197	
84.25	3.73016	
84.5	2.94473	
84.75	4.51108	
85	3.98285	
85.25	4.44092	
85.5	2.89786	
85.75	2.79587	
86	4.4292	
86.25	3.04056	
86.5	3.13397	
86.75	3.13397	
87	3.48502	
87.25	3.51859	
87.5	3.76089	
87.75	2.86646	
88	4.25024	
88.25	4.05246	
88.5	3.82919	
88.75	3.26938	
89	3.50421	
89.25	3.69879	
89.5	3.35049	
89.75	3.69476	
90	3.09427	
90.25	3.73355	
90.5	3.42984	
90.75	3.33734	
91	3.50235	
91.25	2.9592	
91.5	2.85287	
91.75	2.90414	
92	3.25949	
92.25	2.91217	
92.5	3.66846	
92.75	2.41711	
93	3.32294	
93.25	3.50211	
93.5	3.47943	
93.75	4.10675	
94	2.59503	
94.25	3.94217	
94.5	2.41837	
94.75	2.38278	
95	2.1604	
95.25	2.43182	
95.5	3.39395	
95.75	3.39395	
96	2.45856	
96.25	3.26724	
96.5	3.43851	
96.75	2.47025	
97	2.71664	
97.25	3.26422	
97.5	2.29276	
97.75	2.79825	
98	3.47583	
98.25	2.95154	
98.5	2.91473	
98.75	2.96368	
99	2.47165	
99.25	3.16367	
99.5	2.72379	
99.75	3.13522	
100	2.65808	
100.25	2.58286	
100.5	2.63586	
100.75	2.45447	
101	0.296082	
1	1.9931	
1.25	1.9931	
1.5	1.9931	
1.75	2.85263	
2	3.0491	
2.25	3.0491	
2.5	3.2399	
2.75	3.4491	
3	3.4491	
3.25	3.4491	
3.5	3.48932	
3.75	3.48932	
4	3.48932	
4.25	3.86087	
4.5	3.86087	
4.75	3.86087	
5	3.98279	
5.25	4.03833	
5.5	4.11908	
5.75	4.11908	
6	4.13882	
6.25	4.06296	
6.5	4.16452	
6.75	4.22134	
7	4.46069	
7.25	4.46069	
7.5	4.61212	
7.75	4.61212	
8	4.70999	
8.25	4.89224	
8.5	4.89224	
8.75	4.97577	
9	4.97577	
9.25	5.11438	
9.5	5.24789	
9.75	5.24789	
10	5.4696	
10.25	5.6138	
10.5	5.6138	
10.75	5.6138	
11	5.6138	
11.25	5.43549	
11.5	5.43549	
11.75	5.57117	
12	5.57117	
12.25	5.57117	
12.5	5.98322	
12.75	5.98322	
13	6.52954	
13.25	6.52954	
13.5	6.47769	
13.75	6.58084	
14	6.58084	
14.25	6.6572	
14.5	6.51505	
14.75	6.35059	
15	5.85599	
15.25	5.85599	
15.5	6.0921	
15.75	6.04819	
16	6.07529	
16.25	6.07529	
16.5	6.29352	
16.75	6.12491	
17	5.47919	
17.25	5.47919	
17.5	5.30856	
17.75	5.40063	
18	5.26364	
18.25	5.26364	
18.5	5.26364	
18.75	4.97629	
19	4.97629	
19.25	4.90768	
19.5	4.75925	
19.75	4.75925	
20	4.18509	
20.25	3.99237	
20.5	3.99237	
20.75	3.99237	
21	3.99237	
21.25	4.04507	
21.5	3.82556	
21.75	4.06754	
22	3.97333	
22.25	3.7847	
22.5	3.55026	
22.75	3.65997	
23	3.88922	
23.25	4.19675	
23.5	4.54785	
23.75	4.54785	
24	4.5972	
24.25	3.94135	
24.5	3.49689	
24.75	3.86081	
25	3.86081	
25.25	3.91376	
25.5	3.99661	
25.75	3.94382	
26	3.15454	
26.25	3.31012	
26.5	2.8537	
26.75	3.25336	
27	3.35983	
27.25	2.99103	
27.5	3.11096	
27.75	3.17429	
28	2.92142	
28.25	3.58398	
28.5	2.90967	
28.75	2.90967	
29	2.70657	
29.25	2.69644	
29.5	3.19897	
29.75	2.13318	
30	2.32822	
30.25	2.57324	
30.5	2.57324	
30.75	2.64594	
31	2.30673	
31.25	1.95959	
31.5	2.13885	
31.75	2.43701	
32	3.36264	
32.25	3.36264	
32.5	2.95004	
32.75	2.40341	
33	2.78561	
33.25	1.24728	
33.5	2.01981	
33.75	2.01981	
34	1.67001	
34.25	1.67072	
34.5	2.14432	
34.75	1.52713	
35	2.31226	
35.25	1.06744	
35.5	0.693268	
35.75	2.13135	
36	1.51068	
36.25	1.5744	
36.5	1.06598	
36.75	0.995972	
37	0.772369	
37.25	1.9483	
37.5	0.744263	
37.75	0.592133	
38	1.61472	
38.25	0.909668	
38.5	0.935059	
38.75	0.764954	
39	0.891968	
39.25	1.22086	
39.5	0.318604	
39.75	0.318604	
40	0.967804	
40.25	0.453735	
40.5	1.24438	
40.75	2.14719	
41	1.70953	
41.25	0.866302	
41.5	0.809082	
41.75	0.421631	
42	1.16562	
42.25	1.11685	
42.5	0.814178	
42.75	0.711121	
43	0.232697	
43.25	2.05334	
43.5	2.10889	
43.75	2.10889	
44	1.31738	
44.25	0.367249	
44.5	1.22473	
44.75	1.13855	
45	1.25351	
45.25	0.158661	
45.5	1.30753	
45.75	0.506134	
46	0.506958	
46.25	0.506958	
46.5	0.719238	
46.75	0.851624	
47	2.43085	
47.25	2.59021	
47.5	0.788361	
47.75	1.43423	
48	0.89566	
48.25	0.184387	
48.5	1.18509	
48.75	1.48978	
49	1.23874	
49.25	0.925079	
49.5	0.55011	
49.75	1.07397	
50	0.325928	
50.25	1.23917	
50.5	1.7001	
50.75	0.57724	
51	2.08688	
51.25	2.08688	
51.5	0.890656	
51.75	1.73602	
52	0.908539	
52.25	1.94473	
52.5	1.07883	
52.75	2.13544	
53	1.08139	
53.25	0.348358	
53.5	1.86087	
53.75	2.54715	
54	1.59766	
54.25	1.59766	
54.5	1.59766	
54.75	5.03082	
55	5.03082	
55.25	5.03082	
55.5	3.92676	
55.75	5.35254	
56	2.30905	
56.25	5.64639	
56.5	2.81412	
56.75	3.80219	
57	1.0336	
57.25	4.3157	
57.5	2.38965	
57.75	2.38965	
58	3.64185	
58.25	1.46948	
58.5	1.4458	
58.75	2.53799	
59	6.01389	
59.25	6.80389	
59.5	5.0351	
59.75	2.84586	
60	3.62329	
60.25	6.81808	
60.5	3.22037	
60.75	1.79666	
61	4.51901	
61.25	5.17984	
61.5	2.6405	
61.75	2.42731	
62	1.63126	
62.25	2.26712	
62.5	2.12369	
62.75	0.186432	
63	3.78729	
63.25	1.11835	
63.5	3.37286	
63.75	5.8287	
64	4.00546	
64.25	1.5777	
64.5	4.78586	
64.75	2.00037	
65	2.12314	
65.25	1.52957	
65.5	0.825409	
65.75	2.24158	
66	2.24463	
66.25	3.44089	
66.5	4.08749	
66.75	3.50308	
67	4.91531	
67.25	2.59372	
67.5	3.48795	
67.75	2.67245	
68	2.67245	
68.25	3.68558	
68.5	4.65482	
68.75	2.06079	
69	3.78674	
69.25	1.06805	
69.5	2.24081	
69.75	3.04218	
70	2.94537	
70.25	1.95139	
70.5	2.3515	
70.75	1.66452	
71	1.49341	
71.25	2.35461	
71.5	2.38657	
71.75	1.98663	
72	1.25018	
72.25	1.80515	
72.5	1.42154	
72.75	2.46432	
73	4.54523	
73.25	3.4747	
73.5	3.61591	
73.75	2.51236	
74	2.09937	
74.25	2.04874	
74.5	2.23779	
74.75	2.81	
75	2.89291	
75.25	2.64902	
75.5	2.82147	
75.75	3.20349	
76	2.94077	
76.25	2.68744	
76.5	3.19046	
76.75	3.30249	
77	3.53699	
77.25	3.18295	
77.5	2.55978	
77.75	3.35104	
78	2.43771	
78.25	2.48831	
78.5	3.19992	
78.75	3.8786	
79	3.26996	
79.25	3.42072	
79.5	3.80215	
79.75	2.21408	
80	3.6796	
80.25	2.08362	
80.5	2.42441	
80.75	3.45914	
81	3.75714	
81.25	2.616	
81.5	3.32385	
81.75	2.54214	
82	3.43356	
82.25	3.36813	
82.5	3.04572	
82.75	3.43137	
83	3.37869	
83.25	3.40775	
83.5	2.98816	
83.75	2.65427	
84	3.89285	
84.25	2.56662	
84.5	2.56088	
84.75	3.73083	
85	3.513	
85.25	3.28381	
85.5	3.6243	
85.75	3.3956	
86	4.07172	
86.25	2.69763	
86.5	2.41608	
86.75	2.41608	
87	4.08984	
87.25	3.89923	
87.5	2.54507	
87.75	2.67221	
88	3.72928	
88.25	3.59659	
88.5	2.88068	
88.75	3.17587	
89	4.05045	
89.25	3.60577	
89.5	3.60239	
89.75	2.95718	
90	3.34326	
90.25	3.30539	
90.5	3.24493	
90.75	3.54742	
91	3.4595	
91.25	3.18958	
91.5	3.20322	
91.75	3.49582	
92	3.38815	
92.25	3.86844	
92.5	3.64755	
92.75	3.21869	
93	4.12186	
93.25	2.27768	
93.5	2.61523	
93.75	3.50583	
94	3.50909	
94.25	2.30234	
94.5	3.70831	
94.75	3.42285	
95	2.49655	
95.25	2.98236	
95.5	3.63373	
95.75	1.35269	
96	2.41373	
96.25	2.57001	
96.5	2.0928	
96.75	2.00952	
97	3.20468	
97.25	3.56439	
97.5	1.9191	
97.75	3.18198	
98	2.80911	
98.25	2.75876	
98.5	2.51819	
98.75	2.23312	
99	2.50317	
99.25	2.92819	
99.5	3.41489	
99.75	2.49527	
100	2.03711	
100.25	2.35199	
100.5	2.80359	
100.75	2.26913	
101	0.20755	
1	22.8369	
1.25	2.02432	
1.5	2.02432	
1.75	3.52969	
2	3.52969	
2.25	3.4071	
2.5	3.44763	
2.75	3.44763	
3	3.30365	
3.25	3.19504	
3.5	3.19504	
3.75	3.20062	
4	3.06818	
4.25	2.92963	
4.5	2.92963	
4.75	3.07098	
5	3.07098	
5.25	2.90463	
5.5	2.90463	
5.75	3.03189	
6	3.03189	
6.25	3.03189	
6.5	2.97043	
6.75	2.97043	
7	3.02039	
7.25	3.02039	
7.5	3.04196	
7.75	3.03455	
8	3.03455	
8.25	3.03455	
8.5	3.12036	
8.75	3.03458	
9	3.03458	
9.25	2.99496	
9.5	3.00824	
9.75	3.01343	
10	3.07944	
10.25	2.92368	
10.5	2.83261	
10.75	2.98746	
11	2.77335	
11.25	2.6304	
11.5	2.6304	
11.75	2.6304	
12	2.6304	
12.25	2.63647	
12.5	2.80685	
12.75	2.86777	
13	2.76382	
13.25	2.76382	
13.5	2.76382	
13.75	2.96689	
14	2.84781	
14.25	3.01065	
14.5	3.00766	
14.75	2.76004	
15	2.76004	
15.25	2.65958	
15.5	2.49768	
15.75	2.49768	
16	2.76178	
16.25	2.76178	
16.5	2.77527	
16.75	2.56747	
17	2.72217	
17.25	2.72217	
17.5	2.47385	
17.75	2.37311	
18	2.08414	
18.25	1.96924	
18.5	1.87326	
18.75	2.14294	
19	2.21393	
19.25	2.45129	
19.5	2.19131	
19.75	2.19131	
20	2.19131	
20.25	1.76758	
20.5	1.29587	
20.75	1.35904	
21	1.31555	
21.25	1.43646	
21.5	1.43646	
21.75	1.29221	
22	1.68347	
22.25	1.74985	
22.5	1.51089	
22.75	0.966919	
23	1.52823	
23.25	1.52823	
23.5	1.57629	
23.75	1.43423	
24	1.38742	
24.25	1.38742	
24.5	1.12622	
24.75	1.77985	
25	1.74078	
25.25	1.56436	
25.5	1.56903	
25.75	1.06967	
26	1.06967	
26.25	1.17831	
26.5	1.34515	
26.75	1.40613	
27	1.24582	
27.25	1.52469	
27.5	1.33746	
27.75	1.17459	
28	1.17459	
28.25	0.709137	
28.5	0.844971	
28.75	1.07269	
29	1.37997	
29.25	1.25671	
29.5	1.25671	
29.75	0.797607	
30	0.797607	
30.25	0.685059	
30.5	0.94104	
30.75	0.94104	
31	1.03268	
31.25	1.03268	
31.5	1.03268	
31.75	1.31854	
32	1.31854	
32.25	0.76944	
32.5	1.17609	
32.75	1.11612	
33	0.687683	
33.25	1.02966	
33.5	0.442963	
33.75	0.748383	
34	0.946991	
34.25	0.364471	
34.5	1.19891	
34.75	0.863495	
35	0.574127	
35.25	0.5495	
35.5	0.344025	
35.75	1.34546	
36	0.104797	
36.25	0.104797	
36.5	1.52863	
36.75	0.741791	
37	0.843536	
37.25	0.815002	
37.5	0.422729	
37.75	0.17099	
38	0.129028	
38.25	0.358917	
38.5	0.358917	
38.75	0.7901	
39	1.1788	
39.25	0.649017	
39.5	3.78967	
39.75	0.885742	
40	0.91745	
40.25	0.91745	
40.5	0.91745	
40.75	0.696594	
41	0.491425	
41.25	0.491425	
41.5	1.39371	
41.75	1.14264	
42	0.758362	
42.25	0.941528	
42.5	0.144073	
42.75	0.749542	
43	0.845093	
43.25	0.806671	
43.5	0.81488	
43.75	0.713104	
44	0.916809	
44.25	0.256683	
44.5	1.00806	
44.75	0.173492	
45	0.407501	
45.25	0.643829	
45.5	0.922668	
45.75	0.734467	
46	0.861786	
46.25	0.758667	
46.5	0.28653	
46.75	1.09863	
47	4.6279	
47.25	3.05515	
47.5	4.328	
47.75	3.31958	
48	2.44669	
48.25	2.56619	
48.5	2.36777	
48.75	1.08917	
49	1.15814	
49.25	1.64005	
49.5	0.953308	
49.75	1.31519	
50	1.00928	
50.25	0.809662	
50.5	2.01981	
50.75	0.616333	
51	0.557068	
51.25	1.53824	
51.5	0.859619	
51.75	1.11047	
52	0.823425	
52.25	0.27356	
52.5	2.21149	
52.75	2.11765	
53	1.46317	
53.25	1.46317	
53.5	1.3829	
53.75	1.54663	
54	0.35556	
54.25	1.88388	
54.5	0.369507	
54.75	2.39246	
55	1.67621	
55.25	1.37558	
55.5	3.16418	
55.75	1.29117	
56	1.95837	
56.25	2.117	
56.5	0.926941	
56.75	1.26733	
57	1.28818	
57.25	0.758362	
57.5	2.63242	
57.75	1.32043	
58	1.59192	
58.25	0.900085	
58.5	1.96777	
58.75	0.378113	
59	4.41833	
59.25	6.10028	
59.5	2.67712	
59.75	2.65143	
60	4.41931	
60.25	1.20837	
60.5	4.40576	
60.75	5.00165	
61	1.02225	
61.25	5.39764	
61.5	4.43008	
61.75	2.40143	
62	2.40143	
62.25	4.55988	
62.5	4.55988	
62.75	5.40878	
63	5.85764	
63.25	5.85764	
63.5	1.74777	
63.75	3.33191	
64	3.02902	
64.25	1.0773	
64.5	1.15048	
64.75	0.519409	
65	1.202	
65.25	1.98346	
65.5	1.82144	
65.75	1.07355	
66	1.69559	
66.25	1.6319	
66.5	1.55472	
66.75	2.2226	
67	0.831299	
67.25	0.699036	
67.5	1.92023	
67.75	2.17477	
68	1.67346	
68.25	1.28003	
68.5	1.28003	
68.75	2.78534	
69	1.64426	
69.25	1.31635	
69.5	1.45682	
69.75	1.45682	
70	2.07932	
70.25	1.98404	
70.5	1.97888	
70.75	1.81738	
71	1.86093	
71.25	1.78357	
71.5	2.67789	
71.75	0.75592	
72	1.03345	
72.25	1.4184	
72.5	1.62256	
72.75	2.90411	
73	2.44305	
73.25	2.34677	
73.5	1.8002	
73.75	2.30362	
74	1.64063	
74.25	2.0376	
74.5	2.0376	
74.75	2.4191	
75	1.94589	
75.25	2.72189	
75.5	1.97305	
75.75	2.71979	
76	2.70834	
76.25	1.97574	
76.5	2.06796	
76.75	1.9353	
77	2.95822	
77.25	2.73215	
77.5	2.43808	
77.75	1.08511	
78	1.41617	
78.25	2.80057	
78.5	2.71832	
78.75	1.73087	
79	3.19324	
79.25	2.81747	
79.5	1.76733	
79.75	2.89099	
80	2.54068	
80.25	1.52264	
80.5	2.41965	
80.75	1.92746	
81	2.72583	
81.25	1.69714	
81.5	1.48434	
81.75	2.28601	
82	1.97418	
82.25	2.03137	
82.5	1.97601	
82.75	2.37781	
83	2.34421	
83.25	2.11984	
83.5	2.33334	
83.75	2.25189	
84	1.83051	
84.25	2.71231	
84.5	2.01758	
84.75	2.35242	
85	2.63129	
85.25	2.18707	
85.5	2.18646	
85.75	2.20221	
86	2.51666	
86.25	1.81583	
86.5	1.14691	
86.75	3.11267	
87	1.54074	
87.25	1.88846	
87.5	2.40823	
87.75	2.51837	
88	2.48209	
88.25	1.49142	
88.5	2.5318	
88.75	2.05261	
89	1.87668	
89.25	2.23306	
89.5	1.73663	
89.75	2.189	
90	2.43597	
90.25	2.29413	
90.5	2.1019	
90.75	1.97711	
91	2.12219	
91.25	2.49197	
91.5	1.21927	
91.75	2.12997	
92	1.36124	
92.25	2.58417	
92.5	1.3103	
92.75	2.76382	
93	1.98846	
93.25	2.12399	
93.5	2.15811	
93.75	1.28012	
94	2.5802	
94.25	1.40921	
94.5	2.41116	
94.75	2.66516	
95	2.66867	
95.25	1.73349	
95.5	0.639099	
95.75	2.45776	
96	2.05823	
96.25	0.841736	
96.5	1.39508	
96.75	1.46036	
97	1.8053	
97.25	1.97791	
97.5	1.30338	
97.75	1.40497	
98	1.13654	
98.25	1.37894	
98.5	1.14917	
98.75	1.50781	
99	1.02719	
99.25	1.82285	
99.5	1.67279	
99.75	1.39215	
100	1.41727	
100.25	1.45316	
100.5	1.67511	
100.75	1.68808	
101	0.290405	
