Frequency - Plot 0	Amplitude - Plot 0	
1	-174.012	
1.25	-174.012	
1.5	-9.94263	
1.75	-9.81079	
2	-9.81079	
2.25	-9.81079	
2.5	-9.81079	
2.75	-11.5906	
3	-11.7883	
3.25	-11.7883	
3.5	-12.3486	
3.75	-12.6892	
4	-12.6892	
4.25	-12.9309	
4.5	-13.8867	
4.75	-13.8977	
5	-13.8977	
5.25	-13.8977	
5.5	-14.5569	
5.75	-14.5569	
6	-15.0293	
6.25	-15.5237	
6.5	-17.2595	
6.75	-17.0178	
7	-17.3364	
7.25	-17.3364	
7.5	-18.8855	
7.75	-18.8855	
8	-19.6765	
8.25	-19.7314	
8.5	-20.116	
8.75	-20.7642	
9	-20.1819	
9.25	-20.1819	
9.5	-21.4453	
9.75	-21.6101	
10	-22.6538	
10.25	-23.1042	
10.5	-23.1042	
10.75	-23.9941	
11	-24.4226	
11.25	-25.686	
11.5	-25.7959	
11.75	-26.2024	
12	-27.3669	
12.25	-28.2129	
12.5	-29.1138	
12.75	-29.7729	
13	-30.542	
13.25	-30.542	
13.5	-30.542	
13.75	-30.542	
14	-30.1465	
14.25	-29.6411	
14.5	-29.6411	
14.75	-29.6411	
15	-29.8389	
15.25	-30.9155	
15.5	-31.5417	
15.75	-32.0251	
16	-32.0251	
16.25	-31.6736	
16.5	-38.9795	
16.75	-47.6477	
17	-47.7136	
17.25	-48.1091	
17.5	-48.5156	
17.75	-49.2957	
18	-51.1414	
18.25	-53.1409	
18.5	-53.7891	
18.75	-54.8437	
19	-56.0632	
19.25	-55.5908	
19.5	-55.5908	
19.75	-56.6016	
20	-58.7988	
20.25	-62.655	
20.5	-64.9292	
20.75	-66.687	
21	-68.2581	
21.25	-70.3784	
21.5	-72.5317	
21.75	-74.6191	
22	-74.6191	
22.25	-74.6191	
22.5	-84.1772	
22.75	-84.0784	
23	-87.0667	
23.25	-90.2966	
23.5	-90.2966	
23.75	-91.4941	
24	-93.9001	
24.25	-93.9001	
24.5	-95.5042	
24.75	-95.5042	
25	-101.063	
25.25	-104.832	
25.5	-104.832	
25.75	-114.609	
26	-115.807	
26.25	-128.254	
26.5	-125.398	
26.75	-125.398	
27	-129.067	
27.25	-129.067	
27.5	-123.168	
27.75	-120.948	
28	-112.906	
28.25	-114.741	
28.5	-117.345	
28.75	-114.357	
29	-108.347	
29.25	-106.919	
29.5	-105.535	
29.75	-110.676	
30	-108.391	
30.25	-110.72	
30.5	-116.367	
30.75	-113.73	
31	-110.017	
31.25	-114.675	
31.5	-125.101	
31.75	-124.53	
32	-129.661	
32.25	-130.045	
32.5	-134.209	
32.75	-141.471	
33	-135.154	
33.25	-136.461	
33.5	-136.461	
33.75	-145.887	
34	-141.581	
34.25	-144.481	
34.5	-151.908	
34.75	-140.12	
35	-149.952	
35.25	-146.085	
35.5	-147.261	
35.75	-164.96	
36	-146.58	
36.25	-160.576	
36.5	-154.545	
36.75	-152.633	
37	-152.633	
37.25	-156.533	
37.5	-165.114	
37.75	-154.951	
38	-168.278	
38.25	-163.674	
38.5	-176.583	
38.75	-154.138	
39	-142.306	
39.25	-142.306	
39.5	-162.938	
39.75	-162.938	
40	-154.83	
40.25	-141.394	
40.5	-141.394	
40.75	-165.806	
41	-148.909	
41.25	-158.829	
41.5	-151.578	
41.75	172.288	
42	-132.572	
42.25	-132.572	
42.5	-117.477	
42.75	179.703	
43	-158.434	
43.25	-135.45	
43.5	-135.45	
43.75	-135.45	
44	179.846	
44.25	115.148	
44.5	-136.956	
44.75	32.2229	
45	-95.0208	
45.25	-17.5232	
45.5	-39.7705	
45.75	-59.8645	
46	-59.8645	
46.25	-79.6399	
46.5	-18.0945	
46.75	-28.96	
47	7.93213	
47.25	-35.5627	
47.5	8.37158	
47.75	61.897	
48	-6.05347	
48.25	9.21753	
48.5	-35.332	
48.75	-31.2122	
49	5.21851	
49.25	-32.7283	
49.5	-65.6982	
49.75	-49.6582	
50	78.8049	
50.25	8.44849	
50.5	133.451	
50.75	-33.6731	
51	-91.6699	
51.25	173.485	
51.5	88.0225	
51.75	85.3418	
52	20.116	
52.25	13.9197	
52.5	74.5642	
52.75	-93.6804	
53	-74.2236	
53.25	-151.051	
53.5	-151.051	
53.75	98.6572	
54	37.3206	
54.25	-106.348	
54.5	148.623	
54.75	19.7534	
55	-10.7446	
55.25	43.1433	
55.5	69.126	
55.75	-14.0405	
56	42.8687	
56.25	-14.6558	
56.5	-4.04297	
56.75	2.19727	
57	-28.7292	
57.25	-34.1016	
57.5	-6.48193	
57.75	8.6792	
58	32.3328	
58.25	-1.72485	
58.5	-34.2004	
58.75	33.2117	
59	4.3396	
59.25	-16.062	
59.5	-86.9128	
59.75	-53.7781	
60	-25.5762	
60.25	-50.1306	
60.5	-21.5771	
60.75	-35.9473	
61	-47.8784	
61.25	4.71313	
61.5	-34.9365	
61.75	-26.0156	
62	-26.0156	
62.25	-34.563	
62.5	-26.8396	
62.75	-37.5073	
63	-24.6094	
63.25	-26.6638	
63.5	-26.6638	
63.75	-35.1453	
64	-23.5547	
64.25	-22.1045	
64.5	-39.8584	
64.75	-5.89966	
65	11.5796	
65.25	-32.3108	
65.5	-19.1492	
65.75	-19.1492	
66	-8.97583	
66.25	-20.4016	
66.5	-30.9595	
66.75	-14.7876	
67	-53.6572	
67.25	-26.4331	
67.5	-19.5007	
67.75	-28.4106	
68	-6.71265	
68.25	-12.2498	
68.5	-22.7747	
68.75	-35.4858	
69	-21.6541	
69.25	-23.8843	
69.5	-31.9263	
69.75	-28.6084	
70	-24.3787	
70.25	-28.8831	
70.5	-23.7524	
70.75	-15.4797	
71	-15.1392	
71.25	-19.6106	
71.5	-27.356	
71.75	-27.5757	
72	-29.4763	
72.25	-3.57056	
72.5	-8.20679	
72.75	-4.98779	
73	-12.7881	
73.25	-18.6768	
73.5	-16.2488	
73.75	-0.362549	
74	-25.1917	
74.25	-31.8164	
74.5	-32.113	
74.75	-12.4146	
75	-7.69043	
75.25	-25.0708	
75.5	-11.5356	
75.75	-17.5232	
76	-32.4097	
76.25	-18.1274	
76.5	-17.1826	
76.75	-21.4783	
77	-19.6985	
77.25	-15.9082	
77.5	-27.8064	
77.75	-16.2817	
78	-30.1465	
78.25	-23.2361	
78.5	-30.542	
78.75	-30.0366	
79	-35.2112	
79.25	-10.9644	
79.5	-33.3655	
79.75	-24.4116	
80	-19.2151	
80.25	-17.7979	
80.5	-18.6108	
80.75	-26.8945	
81	-29.3774	
81.25	-18.2043	
81.5	-32.3877	
81.75	-29.9048	
82	-38.573	
82.25	-24.082	
82.5	-27.8943	
82.75	-19.9402	
83	-22.5549	
83.25	-20.4236	
83.5	-30.1794	
83.75	-19.5117	
84	-27.2241	
84.25	-37.8259	
84.5	-23.0273	
84.75	-32.135	
85	-40.7812	
85.25	-19.6436	
85.5	-36.4636	
85.75	-40.4187	
86	-10.5469	
86.25	-20.7422	
86.5	-26.0706	
86.75	-29.9817	
87	-33.75	
87.25	-34.2004	
87.5	-44.0332	
87.75	-34.552	
88	-29.0588	
88.25	-27.1912	
88.5	-36.3538	
88.75	-17.3474	
89	-31.8713	
89.25	-24.4226	
89.5	-29.4983	
89.75	-27.1692	
90	-31.4868	
90.25	-34.7937	
90.5	-34.7937	
90.75	-34.8047	
91	-28.3008	
91.25	-31.6626	
91.5	-40.0012	
91.75	-36.2219	
92	-30.4541	
92.25	-42.1765	
92.5	-26.521	
92.75	-38.6279	
93	-43.4619	
93.25	-38.3752	
93.5	-46.4062	
93.75	-43.6487	
94	-47.7136	
94.25	-49.5154	
94.5	-36.2549	
94.75	-46.0327	
95	-29.8059	
95.25	-51.6248	
95.5	-37.9687	
95.75	-37.9687	
96	-53.855	
96.25	-47.2083	
96.5	-38.8257	
96.75	-56.5027	
97	-59.7437	
97.25	-35.7605	
97.5	-50.5591	
97.75	-43.9563	
98	-54.3164	
98.25	-49.6582	
98.5	-55.1843	
98.75	-55.1843	
99	-45.1868	
99.25	-51.7566	
99.5	-50.7788	
99.75	-50.8337	
100	-53.3496	
100.25	-49.2187	
100.5	-54.8328	
100.75	-50.6799	
101	-1.68091	
1	-40.7043	
1.25	-40.7043	
1.5	-40.7043	
1.75	-21.8848	
2	-22.6758	
2.25	-22.8955	
2.5	-22.8955	
2.75	-24.4775	
3	-24.4775	
3.25	-24.4336	
3.5	-24.2578	
3.75	-24.2578	
4	-25.3455	
4.25	-25.7959	
4.5	-25.8728	
4.75	-25.8728	
5	-25.8728	
5.25	-25.73	
5.5	-26.6968	
5.75	-26.6968	
6	-26.2683	
6.25	-27.2241	
6.5	-27.2241	
6.75	-27.312	
7	-27.4219	
7.25	-27.8394	
7.5	-28.5645	
7.75	-28.5645	
8	-29.3225	
8.25	-29.5422	
8.5	-29.5422	
8.75	-31.1023	
9	-31.4429	
9.25	-31.4429	
9.5	-32.3437	
9.75	-33.3984	
10	-33.3984	
10.25	-33.3984	
10.5	-34.4202	
10.75	-34.6619	
11	-34.6619	
11.25	-36.6724	
11.5	-36.7163	
11.75	-36.7163	
12	-37.8369	
12.25	-38.2874	
12.5	-39.1223	
12.75	-39.7375	
13	-38.9355	
13.25	-39.5288	
13.5	-39.5288	
13.75	-41.3745	
14	-41.3745	
14.25	-41.3745	
14.5	-42.2314	
14.75	-45.2856	
15	-45.2856	
15.25	-46.5381	
15.5	-45.9998	
15.75	-46.6919	
16	-47.1643	
16.25	-47.1643	
16.5	-48.6145	
16.75	-47.8015	
17	-48.197	
17.25	-51.0425	
17.5	-51.6248	
17.75	-52.5146	
18	-62.3584	
18.25	-64.0833	
18.5	-65.5554	
18.75	-66.9836	
19	-67.4561	
19.25	-68.6975	
19.5	-72.6196	
19.75	-73.7512	
20	-74.0918	
20.25	-75.8716	
20.5	-77.146	
20.75	-81.2329	
21	-81.2329	
21.25	-84.342	
21.5	-91.7468	
21.75	-93.3398	
22	-94.4275	
22.25	-95.1526	
22.5	-101.887	
22.75	-101.887	
23	-104.425	
23.25	-104.447	
23.5	-108.402	
23.75	-108.49	
24	-118.345	
24.25	-118.718	
24.5	-120.487	
24.75	-118.092	
25	-118.784	
25.25	-119.85	
25.5	-115.576	
25.75	-113.115	
26	-113.115	
26.25	-113.115	
26.5	-113.533	
26.75	-108.193	
27	-107.051	
27.25	-107.051	
27.5	-102.217	
27.75	-102.876	
28	-99.5581	
28.25	-102.228	
28.5	-102.228	
28.75	-101.547	
29	-94.3506	
29.25	-97.0532	
29.5	-94.8669	
29.75	-95.8447	
30	-95.8447	
30.25	-102.502	
30.5	-108.237	
30.75	-102.437	
31	-106.908	
31.25	-106.908	
31.5	-116.444	
31.75	-108.842	
32	-106.732	
32.25	-114.906	
32.5	-114.906	
32.75	-121.948	
33	-125.398	
33.25	-119.213	
33.5	-119.399	
33.75	-131.902	
34	-121.981	
34.25	-122.926	
34.5	-135.428	
34.75	-122.344	
35	-126.628	
35.25	-119.037	
35.5	-127.211	
35.75	-138.538	
36	-120.652	
36.25	-127.222	
36.5	-133.143	
36.75	-137.966	
37	-134.143	
37.25	-117.587	
37.5	-145.437	
37.75	-139.702	
38	-147.448	
38.25	-140.273	
38.5	-145.58	
38.75	-142.581	
39	-117.762	
39.25	-144.965	
39.5	-123.992	
39.75	-123.475	
40	-136.198	
40.25	-167.816	
40.5	-102.667	
40.75	-154.962	
41	-120.663	
41.25	-140.153	
41.5	-139.647	
41.75	-0.41748	
42	-162.136	
42.25	-36.2219	
42.5	-127.354	
42.75	88.5608	
43	-125.189	
43.25	-170.464	
43.5	-178.099	
43.75	-64.5337	
44	-38.7708	
44.25	-38.7708	
44.5	130.529	
44.75	50.8667	
45	50.8667	
45.25	-51.9543	
45.5	2.34009	
45.75	2.34009	
46	165.784	
46.25	45.4834	
46.5	49.8779	
46.75	49.8779	
47	-7.66846	
47.25	-6.92139	
47.5	-18.8086	
47.75	162.18	
48	-21.4233	
48.25	-43.4619	
48.5	47.5818	
48.75	47.5818	
49	-31.2891	
49.25	13.5242	
49.5	-52.0862	
49.75	40.2319	
50	-1.06567	
50.25	31.0693	
50.5	-86.759	
50.75	49.1418	
51	-6.70166	
51.25	39.5618	
51.5	39.5618	
51.75	2.7356	
52	10.6128	
52.25	13.3374	
52.5	19.0723	
52.75	25.5872	
53	2.19727	
53.25	7.51465	
53.5	26.5869	
53.75	44.2639	
54	10.2283	
54.25	1.35132	
54.5	9.05273	
54.75	13.0957	
55	8.65723	
55.25	11.7224	
55.5	7.43774	
55.75	20.2698	
56	21.5002	
56.25	-2.83447	
56.5	0.560303	
56.75	-5.7019	
57	-32.0581	
57.25	14.7656	
57.5	3.26294	
57.75	-1.18652	
58	6.96533	
58.25	-18.4021	
58.5	4.4165	
58.75	8.31665	
59	30.8936	
59.25	43.0005	
59.5	-33.8049	
59.75	145.58	
60	21.2915	
60.25	-39.7046	
60.5	-43.8135	
60.75	-26.0376	
61	-28.158	
61.25	29.6082	
61.5	73.8611	
61.75	-104.414	
62	22.522	
62.25	-66.7639	
62.5	-65.116	
62.75	149.304	
63	-169.244	
63.25	149.447	
63.5	-157.709	
63.75	16.864	
64	-147.239	
64.25	-19.1821	
64.5	-59.5349	
64.75	27.8943	
65	-39.8804	
65.25	-49.2957	
65.5	16.084	
65.75	-15.4578	
66	5.39429	
66.25	-10.8215	
66.5	2.96631	
66.75	-36.7383	
67	-10.3052	
67.25	-37.76	
67.5	-76.0364	
67.75	8.93188	
68	-36.8042	
68.25	-37.0569	
68.5	7.82227	
68.75	4.54834	
69	-3.52661	
69.25	-50.5042	
69.5	-7.05322	
69.75	-7.77832	
70	-35.6396	
70.25	-16.3367	
70.5	-17.5452	
70.75	-1.63696	
71	-25.5432	
71.25	-3.39478	
71.5	12.3596	
71.75	-29.8059	
72	0.604248	
72.25	-13.3704	
72.5	14.9304	
72.75	-21.3464	
73	17.8418	
73.25	-10.5469	
73.5	-3.52661	
73.75	-10.7117	
74	14.9084	
74.25	-1.29639	
74.5	7.92114	
74.75	5.9436	
75	-5.05371	
75.25	0.340576	
75.5	7.04224	
75.75	4.823	
76	4.70215	
76.25	0.0549316	
76.5	-8.14087	
76.75	2.75757	
77	2.97729	
77.25	8.47046	
77.5	-13.4253	
77.75	9.38232	
78	-1.16455	
78.25	-11.3599	
78.5	-7.4707	
78.75	-14.6997	
79	17.5891	
79.25	-5.28442	
79.5	-17.3694	
79.75	-13.5352	
80	-22.1594	
80.25	-2.71362	
80.5	-8.42651	
80.75	-4.86694	
81	-1.02173	
81.25	2.34009	
81.5	5.07568	
81.75	-15.4358	
82	-0.32959	
82.25	0.856934	
82.5	-2.35107	
82.75	-7.91016	
83	-9.08569	
83.25	-6.62476	
83.5	-10.0745	
83.75	-6.40503	
84	1.31836	
84.25	-13.1616	
84.5	-10.8325	
84.75	-10.5469	
85	4.29565	
85.25	-6.74561	
85.5	-7.74536	
85.75	-9.04175	
86	-3.72437	
86.25	5.59204	
86.5	-0.637207	
86.75	-7.19604	
87	-30.3662	
87.25	-23.4668	
87.5	-1.98853	
87.75	-8.29468	
88	-17.1606	
88.25	-12.9858	
88.5	-20.9949	
88.75	-11.8762	
89	-22.5549	
89.25	-21.4233	
89.5	-20.6763	
89.75	-14.0186	
90	-20.3687	
90.25	-23.6096	
90.5	-15.9082	
90.75	-21.3574	
91	-24.5105	
91.25	-18.1604	
91.5	-15.3149	
91.75	-18.7756	
92	-30.542	
92.25	-33.4973	
92.5	-21.1926	
92.75	-26.2244	
93	-40.2869	
93.25	-25.4443	
93.5	-22.9504	
93.75	-16.6003	
94	-40.177	
94.25	-42.9456	
94.5	-16.3586	
94.75	-21.698	
95	-35.7275	
95.25	-45.3516	
95.5	-49.3616	
95.75	-47.9004	
96	-29.4104	
96.25	-40.6714	
96.5	-58.9746	
96.75	-58.5681	
97	-34.0356	
97.25	-40.2649	
97.5	-53.3716	
97.75	-35.9033	
98	-37.1997	
98.25	-49.7791	
98.5	-43.5937	
98.75	-56.7993	
99	-47.2083	
99.25	-55.1733	
99.5	-50.603	
99.75	-57.1179	
100	-54.7778	
100.25	-49.7681	
100.5	-60.282	
100.75	-54.6899	
101	-15.6116	
1	-41.4294	
1.25	-30.0916	
1.5	-30.0916	
1.75	-30.0916	
2	-33.8049	
2.25	-35.3101	
2.5	-35.3101	
2.75	-35.3101	
3	-35.3101	
3.25	-35.5298	
3.5	-36.6064	
3.75	-36.6064	
4	-37.2546	
4.25	-37.793	
4.5	-37.793	
4.75	-37.793	
5	-38.4192	
5.25	-38.4192	
5.5	-40.6934	
5.75	-41.814	
6	-42.8796	
6.25	-42.8796	
6.5	-41.6052	
6.75	-43.1213	
7	-44.1321	
7.25	-45.78	
7.5	-44.5935	
7.75	-45.4834	
8	-45.3845	
8.25	-45.3845	
8.5	-47.45	
8.75	-46.9885	
9	-47.1753	
9.25	-47.1753	
9.5	-48.6365	
9.75	-49.9219	
10	-49.9219	
10.25	-49.856	
10.5	-50.5151	
10.75	-51.1523	
11	-51.8005	
11.25	-50.7239	
11.5	-51.3831	
11.75	-53.4924	
12	-53.9648	
12.25	-53.9648	
12.5	-56.7664	
12.75	-56.8982	
13	-59.1724	
13.25	-61.2708	
13.5	-60.3369	
13.75	-60.3369	
14	-61.062	
14.25	-61.4026	
14.5	-63.0835	
14.75	-63.7317	
15	-62.5342	
15.25	-62.5342	
15.5	-65.083	
15.75	-65.083	
16	-65.083	
16.25	-69.1809	
16.5	-72.1362	
16.75	-72.1362	
17	-70.8069	
17.25	-69.7302	
17.5	-68.8733	
17.75	-70.1477	
18	-70.1477	
18.25	-70.1477	
18.5	-72.6746	
18.75	-72.6746	
19	-72.6965	
19.25	-78.3215	
19.5	-77.5085	
19.75	-77.8821	
20	-82.4304	
20.25	-82.4304	
20.5	-87.8467	
20.75	-87.3303	
21	-90.011	
21.25	-92.4939	
21.5	-92.4939	
21.75	-92.4939	
22	-90.1428	
22.25	-90.1428	
22.5	-98.3826	
22.75	-98.3826	
23	-99.0747	
23.25	-99.6021	
23.5	-99.6899	
23.75	-99.6899	
24	-95.625	
24.25	-97.8223	
24.5	-98.9539	
24.75	-103.25	
25	-98.7341	
25.25	-96.3391	
25.5	-97.6135	
25.75	-98.8879	
26	-94.7351	
26.25	-100.25	
26.5	-99.7668	
26.75	-99.7668	
27	-99.7668	
27.25	-104.491	
27.5	-104.161	
27.75	-104.161	
28	-98.866	
28.25	-106.37	
28.5	-107.336	
28.75	-107.919	
29	-107.919	
29.25	-107.018	
29.5	-107.018	
29.75	-110.841	
30	-108.94	
30.25	-107.501	
30.5	-110.533	
30.75	-99.2615	
31	-99.2615	
31.25	-112.313	
31.5	-121.465	
31.75	-105.502	
32	-119.235	
32.25	-114.873	
32.5	-114.873	
32.75	-109.633	
33	-111.951	
33.25	-111.951	
33.5	-118.411	
33.75	-118.411	
34	-117.026	
34.25	-140.471	
34.5	-125.793	
34.75	-125.793	
35	-104.392	
35.25	-134.868	
35.5	-134.868	
35.75	-132.297	
36	-126.123	
36.25	-90.4834	
36.5	-138.395	
36.75	-143.459	
37	-147.261	
37.25	-153.545	
37.5	-171.584	
37.75	-127.386	
38	-128.518	
38.25	-128.518	
38.5	-145.074	
38.75	-148.788	
39	-88.6487	
39.25	-105.535	
39.5	-158.544	
39.75	-104.458	
40	-165.817	
40.25	-165.817	
40.5	-40.199	
40.75	-165.157	
41	-165.157	
41.25	-128.793	
41.5	-128.793	
41.75	-23.7744	
42	-120.696	
42.25	158.115	
42.5	57.4695	
42.75	-175.408	
43	-94.0979	
43.25	-94.0979	
43.5	33.2446	
43.75	-56.0193	
44	-56.0193	
44.25	117.828	
44.5	-18.9514	
44.75	-18.9514	
45	29.4763	
45.25	55.7666	
45.5	86.1768	
45.75	-98.042	
46	7.50366	
46.25	129.056	
46.5	127.277	
46.75	-67.9724	
47	47.417	
47.25	-24.7961	
47.5	35.6287	
47.75	-83.4192	
48	113.082	
48.25	167.245	
48.5	167.245	
48.75	145.096	
49	145.096	
49.25	143.416	
49.5	59.2712	
49.75	-15.3369	
50	-47.8674	
50.25	5.02075	
50.5	-12.3486	
50.75	31.1243	
51	-37.0349	
51.25	63.0176	
51.5	2.62573	
51.75	56.7554	
52	28.7292	
52.25	-29.0808	
52.5	-67.6428	
52.75	-10.2832	
53	-10.2832	
53.25	-17.3035	
53.5	-0.164795	
53.75	36.2549	
54	25.3455	
54.25	24.5654	
54.5	-12.074	
54.75	29.5312	
55	-16.1169	
55.25	21.0608	
55.5	28.4436	
55.75	-2.83447	
56	-15.3259	
56.25	3.27393	
56.5	7.45972	
56.75	7.45972	
57	13.9197	
57.25	-45.9558	
57.5	2.91138	
57.75	2.91138	
58	16.4246	
58.25	20.3906	
58.5	13.9966	
58.75	-131.243	
59	28.0701	
59.25	17.7429	
59.5	-2.62573	
59.75	-4.70215	
60	-0.186768	
60.25	110.951	
60.5	-0.20874	
60.75	16.6333	
61	9.03076	
61.25	9.03076	
61.5	12.843	
61.75	-0.812988	
62	11.8652	
62.25	9.06372	
62.5	4.10889	
62.75	-10.1074	
63	-19.2041	
63.25	-7.72339	
63.5	-20.9839	
63.75	3.39478	
64	25.0598	
64.25	-23.4009	
64.5	-23.4009	
64.75	5.25146	
65	5.03174	
65.25	-4.72412	
65.5	-9.4043	
65.75	4.59229	
66	-13.2825	
66.25	0.791016	
66.5	-13.9636	
66.75	4.07593	
67	-24.7083	
67.25	17.6111	
67.5	-30.9924	
67.75	26.1804	
68	-8.37158	
68.25	31.0144	
68.5	1.06567	
68.75	-3.20801	
69	42.627	
69.25	2.82349	
69.5	16.3367	
69.75	-4.64722	
70	-13.0847	
70.25	-5.19653	
70.5	23.1042	
70.75	-6.36108	
71	-0.516357	
71.25	5.42725	
71.5	-8.25073	
71.75	-8.25073	
72	6.75659	
72.25	-7.96509	
72.5	-1.54907	
72.75	-1.54907	
73	21.0718	
73.25	-24.8511	
73.5	-12.1509	
73.75	-7.44873	
74	11.261	
74.25	-8.73413	
74.5	-16.1389	
74.75	10.3931	
75	-9.62402	
75.25	9.06372	
75.5	9.06372	
75.75	2.55981	
76	-16.3147	
76.25	7.76733	
76.5	-6.65771	
76.75	-4.07593	
77	-2.65869	
77.25	4.92188	
77.5	-8.58032	
77.75	5.95459	
78	-12.2937	
78.25	-11.3269	
78.5	16.6663	
78.75	4.13086	
79	-11.1951	
79.25	19.5557	
79.5	-13.7549	
79.75	-7.59155	
80	-2.72461	
80.25	10.415	
80.5	-22.7307	
80.75	16.7322	
81	-6.38306	
81.25	-7.93213	
81.5	7.93213	
81.75	0.780029	
82	-2.77954	
82.25	-17.1387	
82.5	-5.19653	
82.75	-3.98804	
83	-3.98804	
83.25	-8.55835	
83.5	-11.7114	
83.75	-15.8423	
84	0.626221	
84.25	3.81226	
84.5	-14.3701	
84.75	-22.2693	
85	-14.9084	
85.25	4.95483	
85.5	-20.0171	
85.75	-20.2698	
86	-23.28	
86.25	-10.7336	
86.5	-8.87695	
86.75	-2.74658	
87	-12.865	
87.25	-9.17358	
87.5	-12.6123	
87.75	-4.25171	
88	-6.52588	
88.25	-10.0635	
88.5	-24.6313	
88.75	-31.8494	
89	-11.283	
89.25	-14.9194	
89.5	-16.5454	
89.75	-31.7285	
90	-25.4553	
90.25	-27.1582	
90.5	-30.3772	
90.75	-23.335	
91	-21.7419	
91.25	-24.4006	
91.5	-39.2322	
91.75	-27.4329	
92	-37.4304	
92.25	-41.8689	
92.5	-24.2249	
92.75	-47.5598	
93	-40.8472	
93.25	-48.7573	
93.5	-51.8884	
93.75	-49.801	
94	-41.7261	
94.25	-35.8704	
94.5	-59.8206	
94.75	-41.1658	
95	-39.3311	
95.25	-50.2295	
95.5	-59.5898	
95.75	-47.2852	
96	-48.7573	
96.25	-34.7827	
96.5	-27.1472	
96.75	-44.989	
97	-58.1836	
97.25	-58.4253	
97.5	-47.5269	
97.75	-51.8994	
98	-56.5686	
98.25	-69.115	
98.5	-56.0303	
98.75	-56.0303	
99	-48.9551	
99.25	-48.0212	
99.5	-50.2515	
99.75	-44.1101	
100	-52.4268	
100.25	-59.0625	
100.5	-50.636	
100.75	-58.0298	
101	12.2388	
1	-77.2998	
1.25	-36.6064	
1.5	-36.4746	
1.75	-36.4746	
2	-37.2656	
2.25	-37.8589	
2.5	-38.2874	
2.75	-38.2874	
3	-38.2874	
3.25	-40.4187	
3.5	-40.4187	
3.75	-40.4187	
4	-42.0337	
4.25	-42.0337	
4.5	-41.825	
4.75	-42.4292	
5	-43.0334	
5.25	-43.5168	
5.5	-43.0664	
5.75	-43.0664	
6	-43.0664	
6.25	-44.5056	
6.5	-45.3625	
6.75	-45.3625	
7	-46.604	
7.25	-46.3733	
7.5	-47.8125	
7.75	-48.5706	
8	-48.5706	
8.25	-48.8013	
8.5	-50.8557	
8.75	-52.1191	
9	-52.7673	
9.25	-53.2178	
9.5	-53.2178	
9.75	-54.2065	
10	-56.1621	
10.25	-56.1621	
10.5	-57.052	
10.75	-57.052	
11	-57.052	
11.25	-59.1284	
11.5	-59.3591	
11.75	-59.3591	
12	-60.6555	
12.25	-61.0071	
12.5	-61.0071	
12.75	-60.7983	
13	-60.7983	
13.25	-62.0178	
13.5	-64.4678	
13.75	-64.4678	
14	-66.731	
14.25	-68.7305	
14.5	-70.3784	
14.75	-72.7405	
15	-72.6306	
15.25	-72.6306	
15.5	-72.4438	
15.75	-71.4771	
16	-73.7292	
16.25	-75.0476	
16.5	-75.0476	
16.75	-81.0571	
17	-79.541	
17.25	-79.3433	
17.5	-77.3328	
17.75	-77.3328	
18	-78.3875	
18.25	-77.4646	
18.5	-80.6836	
18.75	-81.2329	
19	-84.2761	
19.25	-83.1885	
19.5	-83.1885	
19.75	-81.0132	
20	-80.4529	
20.25	-80.4858	
20.5	-77.135	
20.75	-81.2	
21	-80.0684	
21.25	-82.8259	
21.5	-84.6497	
21.75	-87.8906	
22	-83.8477	
22.25	-83.8477	
22.5	-85.7922	
22.75	-85.7922	
23	-84.5947	
23.25	-92.0764	
23.5	-93.5815	
23.75	-96.3721	
24	-97.3608	
24.25	-97.3608	
24.5	-97.8223	
24.75	-97.8223	
25	-97.8223	
25.25	-98.02	
25.5	-98.8879	
25.75	-95.3613	
26	-102.195	
26.25	-106.15	
26.5	-103.898	
26.75	-104.227	
27	-102.755	
27.25	-101.733	
27.5	-104.59	
27.75	-103.436	
28	-113.445	
28.25	-105.249	
28.5	-103.337	
28.75	-100.063	
29	-111.127	
29.25	-111.929	
29.5	-111.676	
29.75	-107.271	
30	-106.403	
30.25	-108.754	
30.5	-126.617	
30.75	-113.774	
31	-106.743	
31.25	-105.524	
31.5	-93.23	
31.75	-106.271	
32	-126.321	
32.25	-116.609	
32.5	-111.368	
32.75	-100.042	
33	-96.0535	
33.25	-116.554	
33.5	-128.892	
33.75	-93.1641	
34	-123.014	
34.25	-97.9761	
34.5	-129.661	
34.75	-99.3713	
35	-98.2837	
35.25	-136.198	
35.5	-108.71	
35.75	-124.233	
36	-94.4165	
36.25	-86.759	
36.5	-158.379	
36.75	-122.487	
37	-108.38	
37.25	-54.6021	
37.5	-85.5505	
37.75	-136.395	
38	-136.395	
38.25	-126.804	
38.5	-102.272	
38.75	-102.272	
39	-113.379	
39.25	-114.093	
39.5	-114.093	
39.75	-113.423	
40	-115.499	
40.25	178.297	
40.5	147.612	
40.75	-170.552	
41	-105.469	
41.25	-157.676	
41.5	-77.7283	
41.75	-77.7283	
42	-149.601	
42.25	-137.725	
42.5	46.9226	
42.75	-159.939	
43	-159.939	
43.25	-164.465	
43.5	-85.188	
43.75	103.447	
44	59.7876	
44.25	150.656	
44.5	57.854	
44.75	109.501	
45	-140.878	
45.25	-154.622	
45.5	-154.622	
45.75	-20.094	
46	-10.0525	
46.25	-10.0525	
46.5	56.3489	
46.75	0.834961	
47	20.5884	
47.25	3.95508	
47.5	84.7046	
47.75	-90.9448	
48	6.24023	
48.25	-49.9438	
48.5	-16.0181	
48.75	151.326	
49	151.326	
49.25	-63.8855	
49.5	148.041	
49.75	42.8906	
50	-8.98682	
50.25	-14.0845	
50.5	83.7488	
50.75	77.2009	
51	6.08643	
51.25	-18.6328	
51.5	20.6104	
51.75	-147.426	
52	-40.99	
52.25	53.866	
52.5	3.42773	
52.75	98.7671	
53	98.7671	
53.25	96.1414	
53.5	60.282	
53.75	-30.52	
54	-1.5271	
54.25	-165.355	
54.5	36.3647	
54.75	-25.8508	
55	34.4641	
55.25	59.1394	
55.5	35.4749	
55.75	-166.696	
56	151.655	
56.25	29.4104	
56.5	6.25122	
56.75	3.42773	
57	1.02173	
57.25	14.1394	
57.5	12.854	
57.75	50.614	
58	34.9146	
58.25	49.6033	
58.5	76.7725	
58.75	-47.5928	
59	113.39	
59.25	18.4351	
59.5	-28.4216	
59.75	23.0054	
60	-67.1704	
60.25	11.5247	
60.5	92.9004	
60.75	-119.301	
61	-59.5679	
61.25	-59.5679	
61.5	-26.6199	
61.75	32.4316	
62	6.61377	
62.25	14.7437	
62.5	33.5962	
62.75	30.6958	
63	-178.967	
63.25	42.6379	
63.5	-1.01074	
63.75	26.2683	
64	-35.4749	
64.25	-41.4844	
64.5	-41.4844	
64.75	26.5869	
65	22.8296	
65.25	-21.7859	
65.5	10.6567	
65.75	-16.897	
66	4.42749	
66.25	-31.2561	
66.5	12.5354	
66.75	54.1736	
67	72.5098	
67.25	30.8276	
67.5	14.6008	
67.75	11.0742	
68	11.0742	
68.25	-20.3247	
68.5	49.2847	
68.75	8.33862	
69	-55.6897	
69.25	23.7634	
69.5	21.8188	
69.75	-8.02002	
70	-26.6418	
70.25	23.2361	
70.5	8.07495	
70.75	33.3325	
71	3.51563	
71.25	-6.45996	
71.5	8.77808	
71.75	6.92139	
72	-21.9617	
72.25	-14.6558	
72.5	-15.4028	
72.75	3.04321	
73	-22.9395	
73.25	13.8208	
73.5	14.6667	
73.75	0.626221	
74	13.9526	
74.25	9.09668	
74.5	27.1143	
74.75	21.0278	
75	5.91064	
75.25	-14.1064	
75.5	16.7102	
75.75	5.05371	
76	-14.0295	
76.25	9.55811	
76.5	4.14185	
76.75	5.10864	
77	-5.37231	
77.25	7.40479	
77.5	-10.459	
77.75	3.08716	
78	10.1624	
78.25	7.37183	
78.5	-2.7356	
78.75	-4.36157	
79	20.8081	
79.25	-2.12036	
79.5	18.4351	
79.75	-23.2581	
80	5.87769	
80.25	0.494385	
80.5	-13.0518	
80.75	-13.0957	
81	-2.24121	
81.25	-12.2058	
81.5	-11.8982	
81.75	0.86792	
82	-5.49316	
82.25	5.40527	
82.5	-7.7124	
82.75	-2.60376	
83	-5.27344	
83.25	-12.3157	
83.5	-15.4248	
83.75	-15.3809	
84	4.86694	
84.25	-21.2036	
84.5	-21.0168	
84.75	0.845947	
85	-8.39355	
85.25	-8.50342	
85.5	-7.62451	
85.75	-4.44946	
86	-6.65771	
86.25	-25.5872	
86.5	-17.1606	
86.75	-17.1606	
87	-2.60376	
87.25	-28.4985	
87.5	-0.582275	
87.75	-1.68091	
88	-13.7549	
88.25	-18.5779	
88.5	-2.77954	
88.75	-20.2039	
89	-23.9392	
89.25	-22.9175	
89.5	-23.5217	
89.75	-22.6648	
90	-19.2371	
90.25	-20.4675	
90.5	-13.6121	
90.75	-25.697	
91	-18.457	
91.25	-20.2478	
91.5	-21.6101	
91.75	-20.9509	
92	-17.1716	
92.25	-30.8276	
92.5	-20.1379	
92.75	-34.6729	
93	-45.9229	
93.25	-19.1052	
93.5	-21.8628	
93.75	-42.1106	
94	-37.9468	
94.25	-33.0798	
94.5	-21.1047	
94.75	-46.5601	
95	-51.2842	
95.25	-36.0352	
95.5	-22.8186	
95.75	-22.8186	
96	-59.7656	
96.25	-48.9221	
96.5	-38.2874	
96.75	-35.6396	
97	-25.5103	
97.25	-51.1743	
97.5	-49.3396	
97.75	-49.9988	
98	-43.1982	
98.25	-49.4275	
98.5	-44.0881	
98.75	-56.1951	
99	-41.6162	
99.25	-53.0969	
99.5	-43.6707	
99.75	-47.1423	
100	-51.0974	
100.25	-51.5369	
100.5	-62.7759	
100.75	-47.0544	
101	-15.8093	
1	-61.1499	
1.25	-61.1499	
1.5	-61.1499	
1.75	-41.4844	
2	-42.7368	
2.25	-42.7368	
2.5	-43.385	
2.75	-44.4397	
3	-44.4397	
3.25	-44.4397	
3.5	-45.2197	
3.75	-45.2197	
4	-45.2197	
4.25	-46.8237	
4.5	-46.8237	
4.75	-46.8237	
5	-48.1091	
5.25	-49.032	
5.5	-49.2517	
5.75	-49.2517	
6	-49.823	
6.25	-52.229	
6.5	-51.8884	
6.75	-51.9983	
7	-52.8992	
7.25	-52.8992	
7.5	-53.4814	
7.75	-53.4814	
8	-55.2283	
8.25	-56.3928	
8.5	-56.3928	
8.75	-58.2715	
9	-58.2715	
9.25	-59.458	
9.5	-60.8533	
9.75	-60.8533	
10	-61.4795	
10.25	-63.3252	
10.5	-63.3252	
10.75	-63.3252	
11	-63.3252	
11.25	-65.7202	
11.5	-65.7202	
11.75	-68.8733	
12	-68.8733	
12.25	-68.8733	
12.5	-69.2798	
12.75	-69.2798	
13	-73.4766	
13.25	-73.4766	
13.5	-73.0701	
13.75	-73.7183	
14	-73.7183	
14.25	-75.0586	
14.5	-75.1904	
14.75	-73.0481	
15	-78.3435	
15.25	-78.3435	
15.5	-82.771	
15.75	-82.3425	
16	-81.3318	
16.25	-81.3318	
16.5	-82.0239	
16.75	-81.8372	
17	-80.0903	
17.25	-80.0903	
17.5	-84.4629	
17.75	-85.199	
18	-89.2749	
18.25	-89.2749	
18.5	-89.2749	
18.75	-86.9019	
19	-86.9019	
19.25	-85.6604	
19.5	-81.6394	
19.75	-81.6394	
20	-84.375	
20.25	-84.9683	
20.5	-84.9683	
20.75	-84.9683	
21	-85.0891	
21.25	-86.1218	
21.5	-91.9006	
21.75	-91.5601	
22	-84.5398	
22.25	-80.9692	
22.5	-87.1545	
22.75	-92.406	
23	-97.6575	
23.25	-95.1965	
23.5	-96.5039	
23.75	-96.5039	
24	-92.9663	
24.25	-97.4268	
24.5	-104.183	
24.75	-106.864	
25	-106.864	
25.25	-103.953	
25.5	-104.084	
25.75	-95.3613	
26	-97.5256	
26.25	-101.085	
26.5	-109.589	
26.75	-110.171	
27	-103.118	
27.25	-108.358	
27.5	-104.447	
27.75	-103.667	
28	-105.765	
28.25	-96.5808	
28.5	-105.029	
28.75	-105.029	
29	-108.677	
29.25	-108.248	
29.5	-109.83	
29.75	-111.995	
30	-104.073	
30.25	-112.05	
30.5	-112.05	
30.75	-105.985	
31	-104.293	
31.25	-109.303	
31.5	-123.618	
31.75	-110.819	
32	-105.139	
32.25	-105.139	
32.5	-102.788	
32.75	-120.663	
33	-121.047	
33.25	-107.029	
33.5	-100.92	
33.75	-100.92	
34	-103.491	
34.25	-125.442	
34.5	-99.679	
34.75	-153.402	
35	-103.788	
35.25	-110.863	
35.5	-82.4854	
35.75	-139.01	
36	-85.7263	
36.25	-103.25	
36.5	-148.755	
36.75	-120.839	
37	-126.376	
37.25	-108.677	
37.5	-89.5715	
37.75	-148.173	
38	-109.215	
38.25	-67.3901	
38.5	-142.976	
38.75	-48.6035	
39	-112.994	
39.25	-112.994	
39.5	-147.36	
39.75	-147.36	
40	175.32	
40.25	-32.6294	
40.5	170.706	
40.75	120.795	
41	-148.403	
41.25	-1.23047	
41.5	-63.1714	
41.75	-105.48	
42	-102.645	
42.25	63.479	
42.5	138.428	
42.75	-72.29	
43	-127.365	
43.25	143.536	
43.5	-114.115	
43.75	-114.115	
44	-72.8174	
44.25	-62.1716	
44.5	-131.473	
44.75	98.6682	
45	90.9009	
45.25	-2.17529	
45.5	-59.5898	
45.75	-89.0771	
46	84.6057	
46.25	84.6057	
46.5	18.2812	
46.75	-110.16	
47	178.011	
47.25	-17.7759	
47.5	89.6924	
47.75	4.59229	
48	94.9109	
48.25	121.575	
48.5	115.961	
48.75	18.2153	
49	47.1643	
49.25	91.3074	
49.5	-62.4683	
49.75	91.0327	
50	-19.5776	
50.25	29.9048	
50.5	52.6135	
50.75	-166.047	
51	43.2751	
51.25	43.2751	
51.5	-51.1304	
51.75	-144.042	
52	18.5889	
52.25	9.67896	
52.5	11.4148	
52.75	79.1565	
53	-35.5737	
53.25	-125.695	
53.5	8.59131	
53.75	64.4568	
54	31.5747	
54.25	31.5747	
54.5	31.5747	
54.75	5.91064	
55	5.91064	
55.25	54.2285	
55.5	29.0259	
55.75	-39.4739	
56	7.94312	
56.25	79.6289	
56.5	-81.8152	
56.75	-63.0176	
57	177.671	
57.25	7.85522	
57.5	-97.9871	
57.75	-97.9871	
58	25.8508	
58.25	14.3262	
58.5	55.426	
58.75	-176.924	
59	28.0042	
59.25	-4.5813	
59.5	91.3733	
59.75	105.381	
60	86.6272	
60.25	30.6958	
60.5	119.432	
60.75	-136.725	
61	100.382	
61.25	-40.2979	
61.5	32.4866	
61.75	49.7681	
62	30.1135	
62.25	16.9849	
62.5	10.1404	
62.75	-114.906	
63	52.8882	
63.25	-146.788	
63.5	-28.3118	
63.75	50.4932	
64	69.7522	
64.25	54.3164	
64.5	61.7432	
64.75	-0.472412	
65	6.24023	
65.25	7.56958	
65.5	-55.6128	
65.75	23.4338	
66	6.78955	
66.25	-15.8423	
66.5	-4.15283	
66.75	2.46094	
67	24.3567	
67.25	42.0776	
67.5	66.8958	
67.75	1.65894	
68	1.65894	
68.25	17.5122	
68.5	-73.7512	
68.75	73.9709	
69	0.472412	
69.25	4.52637	
69.5	34.0027	
69.75	41.7261	
70	-10.1624	
70.25	-10.6787	
70.5	10.5579	
70.75	8.05298	
71	-1.87866	
71.25	38.551	
71.5	8.40454	
71.75	44.3518	
72	41.4404	
72.25	-28.0811	
72.5	35.1343	
72.75	57.1619	
73	-9.32739	
73.25	42.627	
73.5	26.554	
73.75	-19.6436	
74	-16.1279	
74.25	-4.07593	
74.5	-20.116	
74.75	-7.28394	
75	5.36133	
75.25	23.1812	
75.5	3.30688	
75.75	-2.43896	
76	3.72437	
76.25	5.19653	
76.5	4.42749	
76.75	0.845947	
77	-12.2607	
77.25	-14.3921	
77.5	6.64673	
77.75	-10.3711	
78	12.4695	
78.25	-3.64746	
78.5	18.5999	
78.75	8.14087	
79	6.427	
79.25	-17.5342	
79.5	7.14111	
79.75	-14.3042	
80	-2.69165	
80.25	-6.81152	
80.5	-10.4919	
80.75	2.75757	
81	-4.35059	
81.25	-17.0288	
81.5	-17.677	
81.75	-3.40576	
82	-4.80103	
82.25	-4.44946	
82.5	-9.04175	
82.75	-8.27271	
83	-10.0635	
83.25	-9.04175	
83.5	5.41626	
83.75	-17.4463	
84	-1.72485	
84.25	-20.0281	
84.5	0	
84.75	-22.5989	
85	-26.7187	
85.25	-27.7625	
85.5	-20.094	
85.75	-24.5435	
86	-30.1904	
86.25	-5.9436	
86.5	-2.51587	
86.75	-2.51587	
87	-17.1606	
87.25	-22.6648	
87.5	-13.5901	
87.75	-30.575	
88	-10.5579	
88.25	-15.6335	
88.5	-28.147	
88.75	-33.2007	
89	-22.8516	
89.25	-23.0273	
89.5	-29.3445	
89.75	-18.8416	
90	-34.4312	
90.25	-28.7073	
90.5	-37.9028	
90.75	-36.4966	
91	-35.0684	
91.25	-32.5305	
91.5	-30.3992	
91.75	-34.3982	
92	-51.427	
92.25	-39.4409	
92.5	-51.4819	
92.75	-26.8176	
93	-40.0342	
93.25	-44.209	
93.5	-67.3462	
93.75	-37.002	
94	-32.5195	
94.25	-63.2922	
94.5	-45.4614	
94.75	-45.6702	
95	-39.8804	
95.25	-42.1326	
95.5	-65.4675	
95.75	-47.1863	
96	-24.7961	
96.25	-44.5166	
96.5	-41.3855	
96.75	-29.5203	
97	-51.416	
97.25	-63.446	
97.5	-69.1589	
97.75	-70.0488	
98	-49.9109	
98.25	-52.7124	
98.5	-57.4365	
98.75	-77.2668	
99	-59.2603	
99.25	-68.9172	
99.5	-71.7297	
99.75	-72.6306	
100	-77.7393	
100.25	-69.3237	
100.5	-77.113	
100.75	-71.9385	
101	59.9304	
1	137.296	
1.25	-30.3662	
1.5	-30.3662	
1.75	-48.9221	
2	-48.9221	
2.25	-48.3728	
2.5	-51.2732	
2.75	-51.2732	
3	-52.6575	
3.25	-53.6792	
3.5	-53.6792	
3.75	-53.9209	
4	-54.6899	
4.25	-54.9756	
4.5	-54.9756	
4.75	-56.7444	
5	-56.7444	
5.25	-57.7771	
5.5	-57.7771	
5.75	-59.1833	
6	-59.1833	
6.25	-59.1833	
6.5	-60.5566	
6.75	-60.5566	
7	-61.2378	
7.25	-61.2378	
7.5	-62.5012	
7.75	-63.7207	
8	-63.7207	
8.25	-63.7207	
8.5	-64.5667	
8.75	-66.72	
9	-66.72	
9.25	-67.1155	
9.5	-69.0601	
9.75	-69.8291	
10	-72.3889	
10.25	-70.6091	
10.5	-72.2791	
10.75	-72.356	
11	-76.0474	
11.25	-79.53	
11.5	-79.53	
11.75	-79.53	
12	-79.53	
12.25	-78.2556	
12.5	-79.585	
12.75	-79.6729	
13	-80.1562	
13.25	-80.1562	
13.5	-80.1562	
13.75	-80.4858	
14	-81.0132	
14.25	-80.9363	
14.5	-80.7056	
14.75	-79.0906	
15	-79.0906	
15.25	-83.9355	
15.5	-87.6709	
15.75	-87.6709	
16	-91.3623	
16.25	-91.3623	
16.5	-87.8027	
16.75	-87.7148	
17	-82.3096	
17.25	-82.3096	
17.5	-81.2659	
17.75	-85.99	
18	-83.0566	
18.25	-86.8359	
18.5	-92.7795	
18.75	-95.647	
19	-96.0535	
19.25	-92.8894	
19.5	-87.8906	
19.75	-87.8906	
20	-87.8906	
20.25	-83.3862	
20.5	-71.521	
20.75	-87.7039	
21	-85.3308	
21.25	-87.4402	
21.5	-87.4402	
21.75	-101.799	
22	-96.1304	
22.25	-80.9033	
22.5	-72.1912	
22.75	-95.2075	
23	-92.2192	
23.25	-92.2192	
23.5	-75.3113	
23.75	-84.0784	
24	-74.7839	
24.25	-74.7839	
24.5	-111.006	
24.75	-103.392	
25	-92.9114	
25.25	-94.7571	
25.5	-87.4402	
25.75	-73.938	
26	-73.938	
26.25	-99.9207	
26.5	-107.677	
26.75	-105.732	
27	-93.4277	
27.25	-90.5933	
27.5	-84.397	
27.75	-87.6599	
28	-87.6599	
28.25	-90.3406	
28.5	-113.785	
28.75	-110.918	
29	-100.997	
29.25	-81.0352	
29.5	-81.0352	
29.75	-68.1921	
30	-68.1921	
30.25	-81.5405	
30.5	-94.5154	
30.75	-94.5154	
31	-72.6636	
31.25	-72.6636	
31.5	-72.6636	
31.75	-52.3828	
32	-52.3828	
32.25	-83.6279	
32.5	-98.5474	
32.75	-79.9695	
33	-73.0151	
33.25	-102.623	
33.5	-69.4666	
33.75	-86.1328	
34	-60.9741	
34.25	1.25244	
34.5	-104.766	
34.75	-153.501	
35	-34.1565	
35.25	-89.6265	
35.5	-114.258	
35.75	-60.9631	
36	177.133	
36.25	177.133	
36.5	-101.349	
36.75	-125.178	
37	-49.5483	
37.25	-57.9968	
37.5	-141.185	
37.75	-85.188	
38	178.473	
38.25	-7.97607	
38.5	-7.97607	
38.75	-33.9807	
39	-168.278	
39.25	-56.7883	
39.5	-106.469	
39.75	7.88818	
40	-143.416	
40.25	-143.416	
40.5	-143.416	
40.75	-32.5635	
41	-104.502	
41.25	-104.502	
41.5	92.5928	
41.75	-77.0581	
42	-161.73	
42.25	-69.4006	
42.5	115.928	
42.75	168.3	
43	-61.7432	
43.25	-41.1328	
43.5	77.8931	
43.75	142.02	
44	21.9836	
44.25	-107.622	
44.5	-62.0508	
44.75	-126.365	
45	-133.242	
45.25	66.0059	
45.5	-87.4951	
45.75	-146.008	
46	65.5444	
46.25	-165.026	
46.5	6.88843	
46.75	-3.09814	
47	-92.8455	
47.25	-117.455	
47.5	170.167	
47.75	13.3044	
48	112.698	
48.25	123.486	
48.5	28.6304	
48.75	-42.6489	
49	-57.5903	
49.25	72.7075	
49.5	-96.46	
49.75	43.5059	
50	-178.759	
50.25	120.245	
50.5	71.3342	
50.75	96.0205	
51	-112.753	
51.25	-52.5256	
51.5	23.2471	
51.75	-165.806	
52	-165.806	
52.25	41.9897	
52.5	162.62	
52.75	81.958	
53	-88.2092	
53.25	-88.2092	
53.5	178.165	
53.75	112.094	
54	56.0193	
54.25	53.031	
54.5	74.3115	
54.75	59.0405	
55	122.684	
55.25	-177.198	
55.5	83.1116	
55.75	110.643	
56	-27.6086	
56.25	68.8953	
56.5	24.2139	
56.75	6.64673	
57	51.3501	
57.25	101.426	
57.5	69.2029	
57.75	39.5288	
58	74.1248	
58.25	51.7346	
58.5	46.9006	
58.75	79.6179	
59	102.14	
59.25	50.8777	
59.5	134.846	
59.75	107.369	
60	18.7427	
60.25	122.443	
60.5	-88.1323	
60.75	92.4939	
61	168.124	
61.25	-3.10913	
61.5	66.8079	
61.75	-148.931	
62	-148.931	
62.25	55.8215	
62.5	55.8215	
62.75	-6.72363	
63	4.06494	
63.25	4.06494	
63.5	-33.8599	
63.75	-9.19556	
64	57.03	
64.25	3.62549	
64.5	-0.791016	
64.75	27.2791	
65	9.05273	
65.25	11.5137	
65.5	3.33984	
65.75	44.6265	
66	48.7354	
66.25	47.6257	
66.5	26.0486	
66.75	36.2329	
67	-10.5249	
67.25	14.6118	
67.5	44.165	
67.75	-12.843	
68	50.603	
68.25	-0.263672	
68.5	-0.263672	
68.75	-0.373535	
69	21.3684	
69.25	55.2283	
69.5	7.6355	
69.75	7.6355	
70	18.3691	
70.25	28.158	
70.5	7.70142	
70.75	10.6567	
71	34.2114	
71.25	1.06567	
71.5	26.6528	
71.75	13.6121	
72	-35.5847	
72.25	4.5813	
72.5	-8.70117	
72.75	61.5234	
73	30.7837	
73.25	-13.2605	
73.5	-3.02124	
73.75	-9.30542	
74	0.714111	
74.25	28.0481	
74.5	28.0481	
74.75	1.25244	
75	-2.38403	
75.25	11.1621	
75.5	9.25049	
75.75	7.92114	
76	4.83398	
76.25	-7.21802	
76.5	5.07568	
76.75	1.66992	
77	14.3701	
77.25	15.6006	
77.5	-6.55884	
77.75	34.4861	
78	-0.186768	
78.25	9.43726	
78.5	0.681152	
78.75	8.6792	
79	-8.94287	
79.25	-3.16406	
79.5	12.074	
79.75	9.43726	
80	11.7993	
80.25	10.6677	
80.5	7.20703	
80.75	-22.1484	
81	-2.26318	
81.25	7.72339	
81.5	11.1072	
81.75	-14.9634	
82	-26.1365	
82.25	-7.84424	
82.5	-11.3599	
82.75	2.09839	
83	-9.73389	
83.25	-12.5134	
83.5	-3.60352	
83.75	-18.0286	
84	-14.3152	
84.25	-24.137	
84.5	-24.137	
84.75	-30.7947	
85	-0.802002	
85.25	-35.2441	
85.5	-25.4773	
85.75	-28.4875	
86	-13.0737	
86.25	-48.208	
86.5	-41.0229	
86.75	-22.522	
87	-48.8892	
87.25	-43.8904	
87.5	-17.3364	
87.75	3.21899	
88	-10.9204	
88.25	2.65869	
88.5	-12.9968	
88.75	-12.9858	
89	-29.7949	
89.25	-25.0488	
89.5	-37.6282	
89.75	-20.4565	
90	-26.543	
90.25	-20.9399	
90.5	-20.2917	
90.75	-32.5085	
91	-39.8474	
91.25	-29.5312	
91.5	-32.0142	
91.75	-30.6299	
92	-17.0508	
92.25	-22.9944	
92.5	-44.3298	
92.75	-43.5718	
93	-22.3022	
93.25	-46.0876	
93.5	-30.3442	
93.75	-56.6565	
94	-60.3809	
94.25	-31.7725	
94.5	-84.8254	
94.75	-68.6536	
95	-68.4888	
95.25	-81.0242	
95.5	-73.5315	
95.75	-73.6963	
96	-18.5779	
96.25	-76.6077	
96.5	-63.501	
96.75	-23.3899	
97	-32.8601	
97.25	-46.5161	
97.5	-87.9785	
97.75	-38.4741	
98	-69.8621	
98.25	-60.9851	
98.5	-60.3149	
98.75	-70.0488	
99	-62.6221	
99.25	-63.3801	
99.5	-56.261	
99.75	-56.7224	
100	-62.2046	
100.25	-56.1182	
100.5	-54.0857	
100.75	-65.116	
101	60.8752	
