Frequency - Plot 0	Amplitude - Plot 0		
1	1.60764	
1.25	1.60764	
1.5	1.60764	
1.75	8.71341	
2	8.80331	
2.25	8.85468	
2.5	8.85468	
2.75	8.87109	
3	8.87109	
3.25	8.86392	
3.5	8.98547	
3.75	8.98547	
4	9.23608	
4.25	9.31644	
4.5	9.31003	
4.75	9.31003	
5	9.31003	
5.25	9.12207	
5.5	8.95804	
5.75	8.95804	
6	8.86307	
6.25	8.85345	
6.5	8.85345	
6.75	9.08575	
7	9.30743	
7.25	9.43106	
7.5	9.80637	
7.75	9.80637	
8	10.2491	
8.25	10.4668	
8.5	10.4668	
8.75	10.6971	
9	10.7867	
9.25	10.7867	
9.5	10.9132	
9.75	11.0326	
10	11.0326	
10.25	11.0326	
10.5	11.2068	
10.75	11.4511	
11	11.4511	
11.25	11.676	
11.5	11.6064	
11.75	11.6064	
12	11.5924	
12.25	11.7368	
12.5	11.4999	
12.75	11.5338	
13	11.5912	
13.25	11.3623	
13.5	11.3623	
13.75	11.1784	
14	11.1784	
14.25	11.1784	
14.5	10.9293	
14.75	10.8885	
15	10.8885	
15.25	11.1678	
15.5	11.2246	
15.75	11.2229	
16	11.2408	
16.25	11.2408	
16.5	11.3461	
16.75	11.182	
17	10.8296	
17.25	10.5671	
17.5	11.6171	
17.75	12.0548	
18	12.6701	
18.25	12.6116	
18.5	12.3175	
18.75	12.3559	
19	12.2936	
19.25	11.6502	
19.5	12.0481	
19.75	12.0349	
20	12.093	
20.25	12.2714	
20.5	12.0734	
20.75	11.2649	
21	11.2649	
21.25	11.2658	
21.5	11.0971	
21.75	11.2166	
22	10.7638	
22.25	9.93231	
22.5	9.89148	
22.75	9.89148	
23	9.61813	
23.25	9.11044	
23.5	9.3139	
23.75	9.24686	
24	7.7117	
24.25	7.27298	
24.5	7.61411	
24.75	7.84305	
25	7.39932	
25.25	7.39453	
25.5	7.29626	
25.75	7.20346	
26	7.20346	
26.25	7.20346	
26.5	6.22327	
26.75	6.52438	
27	6.31628	
27.25	6.31628	
27.5	6.38275	
27.75	6.02988	
28	5.53949	
28.25	5.99683	
28.5	5.99683	
28.75	6.17413	
29	5.66132	
29.25	5.5545	
29.5	6.02145	
29.75	5.33676	
30	5.33676	
30.25	5.48141	
30.5	5.84076	
30.75	5.25766	
31	5.18976	
31.25	5.18976	
31.5	4.94125	
31.75	5.16327	
32	4.811	
32.25	4.86191	
32.5	4.86191	
32.75	4.19699	
33	4.70923	
33.25	4.88953	
33.5	4.44498	
33.75	3.81406	
34	4.46735	
34.25	3.8783	
34.5	4.23138	
34.75	4.46371	
35	4.34906	
35.25	3.64847	
35.5	3.16913	
35.75	3.81604	
36	2.40332	
36.25	3.35632	
36.5	2.50751	
36.75	2.68625	
37	2.56427	
37.25	2.56702	
37.5	2.64523	
37.75	1.89938	
38	1.74191	
38.25	1.90005	
38.5	2.37296	
38.75	1.19333	
39	1.78775	
39.25	1.63364	
39.5	1.61047	
39.75	1.06024	
40	1.08182	
40.25	0.768555	
40.5	1.22748	
40.75	1.87189	
41	1.22565	
41.25	0.55069	
41.5	0.851105	
41.75	0.448669	
42	1.33667	
42.25	0.256104	
42.5	1.09311	
42.75	0.144897	
43	1.36594	
43.25	0.175903	
43.5	0.743988	
43.75	1.09146	
44	0.97998	
44.25	0.97998	
44.5	0.359955	
44.75	0.505585	
45	0.505585	
45.25	0.348297	
45.5	1.33185	
45.75	1.33185	
46	0.86499	
46.25	0.919342	
46.5	0.792664	
46.75	0.792664	
47	0.256348	
47.25	0.739624	
47.5	0.966309	
47.75	0.974976	
48	1.58542	
48.25	1.42657	
48.5	1.41739	
48.75	1.41739	
49	0.912109	
49.25	0.723907	
49.5	0.572815	
49.75	1.12521	
50	1.35226	
50.25	3.39938	
50.5	0.735229	
50.75	1.78424	
51	1.23871	
51.25	1.18448	
51.5	1.18448	
51.75	1.55804	
52	1.48074	
52.25	1.52502	
52.5	1.28262	
52.75	1.02075	
53	1.85733	
53.25	2.48724	
53.5	0.91098	
53.75	2.11771	
54	2.29282	
54.25	2.01135	
54.5	1.02771	
54.75	2.45422	
55	2.26019	
55.25	1.89716	
55.5	2.27481	
55.75	2.68372	
56	3.04034	
56.25	0.439667	
56.5	0.812866	
56.75	2.422	
57	1.11673	
57.25	2.1405	
57.5	2.07455	
57.75	2.37436	
58	1.93335	
58.25	2.54233	
58.5	2.25357	
58.75	2.11304	
59	2.12204	
59.25	1.95294	
59.5	2.8013	
59.75	1.07422	
60	4.54846	
60.25	1.49872	
60.5	4.69049	
60.75	2.7868	
61	1.99921	
61.25	1.40646	
61.5	4.78778	
61.75	3.56412	
62	6.4606	
62.25	5.31949	
62.5	5.42163	
62.75	1.87177	
63	1.6319	
63.25	2.09503	
63.5	1.92914	
63.75	4.16895	
64	0.732941	
64.25	4.56943	
64.5	5.90509	
64.75	1.71967	
65	1.91638	
65.25	1.61429	
65.5	2.87823	
65.75	2.55331	
66	1.89581	
66.25	2.09439	
66.5	3.03955	
66.75	4.17657	
67	4.10205	
67.25	4.76025	
67.5	3.01062	
67.75	1.62183	
68	2.66815	
68.25	1.55225	
68.5	2.92026	
68.75	2.36887	
69	3.57791	
69.25	3.12003	
69.5	2.55811	
69.75	1.23572	
70	2.17041	
70.25	3.3493	
70.5	1.59583	
70.75	2.93579	
71	2.00134	
71.25	1.72021	
71.5	2.7348	
71.75	2.37128	
72	2.86057	
72.25	3.54486	
72.5	3.30869	
72.75	2.7854	
73	2.32892	
73.25	2.34964	
73.5	2.26898	
73.75	2.45609	
74	3.62823	
74.25	3.54053	
74.5	3.10818	
74.75	3.03433	
75	4.06766	
75.25	2.51157	
75.5	2.88461	
75.75	3.71426	
76	3.12555	
76.25	3.42969	
76.5	2.8649	
76.75	2.82428	
77	2.52869	
77.25	2.59634	
77.5	3.2962	
77.75	3.93939	
78	2.28922	
78.25	2.90485	
78.5	4.56116	
78.75	3.70212	
79	2.01187	
79.25	4.51166	
79.5	3.67838	
79.75	3.32272	
80	3.4202	
80.25	2.62518	
80.5	4.55441	
80.75	3.32159	
81	4.56165	
81.25	4.19839	
81.5	3.72495	
81.75	3.87592	
82	3.7352	
82.25	4.16055	
82.5	4.49277	
82.75	4.04602	
83	4.52002	
83.25	4.121	
83.5	4.10474	
83.75	4.00394	
84	4.23398	
84.25	4.58383	
84.5	4.80396	
84.75	5.35602	
85	3.96323	
85.25	3.69412	
85.5	5.85474	
85.75	3.94028	
86	5.00497	
86.25	4.09357	
86.5	4.82184	
86.75	4.83237	
87	5.12543	
87.25	5.04156	
87.5	4.65308	
87.75	3.88434	
88	5.05142	
88.25	4.39539	
88.5	5.008	
88.75	3.8815	
89	4.10391	
89.25	4.04892	
89.5	3.85321	
89.75	4.74518	
90	4.01559	
90.25	4.58325	
90.5	4.57761	
90.75	4.24762	
91	4.28543	
91.25	3.92004	
91.5	4.25339	
91.75	4.3129	
92	5.04282	
92.25	3.79431	
92.5	4.19604	
92.75	3.34744	
93	5.22675	
93.25	2.88281	
93.5	3.38321	
93.75	4.40189	
94	3.31171	
94.25	5.16916	
94.5	4.06891	
94.75	3.11359	
95	3.32434	
95.25	4.74768	
95.5	2.72485	
95.75	4.33026	
96	3.6084	
96.25	4.35471	
96.5	3.2327	
96.75	3.18433	
97	3.64331	
97.25	4.12149	
97.5	3.49301	
97.75	3.72	
98	3.349	
98.25	3.10672	
98.5	3.38715	
98.75	2.97897	
99	3.85059	
99.25	3.50146	
99.5	3.40787	
99.75	3.21729	
100	3.47375	
100.25	3.15237	
100.5	3.35565	
100.75	3.43616	
101	0.284485	
