Frequency - Plot 0	Amplitude - Plot 0	
1	12.0745	
1.25	12.0745	
1.5	8.61502	
1.75	8.6427	
2	8.6427	
2.25	8.8147	
2.5	8.86151	
2.75	8.86151	
3	8.93918	
3.25	8.9425	
3.5	8.9425	
3.75	8.9425	
4	8.91614	
4.25	8.98135	
4.5	9.00381	
4.75	9.04083	
5	9.04083	
5.25	9.08267	
5.5	9.11194	
5.75	9.14157	
6	9.14157	
6.25	9.14157	
6.5	9.14804	
6.75	9.21939	
7	9.33377	
7.25	9.12033	
7.5	9.12033	
7.75	9.12949	
8	9.12949	
8.25	9.20798	
8.5	9.19089	
8.75	9.19089	
9	9.2099	
9.25	9.2099	
9.5	9.2099	
9.75	9.26392	
10	9.26392	
10.25	9.11853	
10.5	9.32144	
10.75	9.49756	
11	9.60886	
11.25	9.82483	
11.5	10.0414	
11.75	9.98166	
12	9.89966	
12.25	9.88705	
12.5	9.86725	
12.75	9.86725	
13	9.86725	
13.25	10.1276	
13.5	10.1372	
13.75	9.86777	
14	9.86777	
14.25	10.451	
14.5	10.604	
14.75	11.0544	
15	11.0544	
15.25	11.1039	
15.5	11.0622	
15.75	10.9417	
16	10.7623	
16.25	10.386	
16.5	9.96167	
16.75	9.49094	
17	9.54794	
17.25	9.6478	
17.5	9.70258	
17.75	9.64276	
18	9.5834	
18.25	9.07971	
18.5	8.87436	
18.75	8.99875	
19	8.99875	
19.25	9.06335	
19.5	9.19809	
19.75	8.99731	
20	8.577	
20.25	8.47092	
20.5	8.47092	
20.75	8.11438	
21	7.94742	
21.25	7.94742	
21.5	8.103	
21.75	8.90292	
22	8.82236	
22.25	8.60965	
22.5	8.03937	
22.75	8.03937	
23	8.03937	
23.25	8.23325	
23.5	7.71964	
23.75	7.2652	
24	7.2652	
24.25	5.61398	
24.5	4.95462	
24.75	4.50052	
25	4.50052	
25.25	4.15475	
25.5	3.61829	
25.75	3.82907	
26	3.73663	
26.25	3.26019	
26.5	2.50052	
26.75	2.8306	
27	2.85535	
27.25	2.74243	
27.5	2.31543	
27.75	2.56329	
28	2.56329	
28.25	2.22989	
28.5	2.3689	
28.75	2.90744	
29	2.90744	
29.25	2.96335	
29.5	2.96335	
29.75	3.00867	
30	3.00867	
30.25	3.00867	
30.5	3.20837	
30.75	3.55817	
31	3.55817	
31.25	4.17026	
31.5	4.47232	
31.75	3.29935	
32	3.96454	
32.25	3.58115	
32.5	3.74286	
32.75	3.10785	
33	3.10785	
33.25	3.23419	
33.5	4.32751	
33.75	2.85031	
34	3.11072	
34.25	3.11072	
34.5	4.09009	
34.75	2.36838	
35	2.36838	
35.25	3.36581	
35.5	2.65207	
35.75	3.37366	
36	2.70239	
36.25	2.3624	
36.5	1.98154	
36.75	2.79141	
37	1.64508	
37.25	1.991	
37.5	1.85785	
37.75	3.48547	
38	3.41248	
38.25	2.8053	
38.5	2.8053	
38.75	3.5798	
39	1.72101	
39.25	1.74783	
39.5	1.50482	
39.75	0.911926	
40	0.756134	
40.25	1.17587	
40.5	1.17587	
40.75	1.25565	
41	0.931763	
41.25	0.952515	
41.5	1.23471	
41.75	0.946625	
42	0.910828	
42.25	1.01401	
42.5	1.51654	
42.75	0.0610046	
43	0.858093	
43.25	0.346375	
43.5	1.03751	
43.75	1.06741	
44	1.46494	
44.25	0.918671	
44.5	0.532196	
44.75	0.527191	
45	0.527191	
45.25	0.877228	
45.5	0.951843	
45.75	0.951843	
46	1.87979	
46.25	1.70383	
46.5	0.958038	
46.75	0.958038	
47	1.40488	
47.25	0.986206	
47.5	1.74545	
47.75	0.424103	
48	0.477448	
48.25	1.65311	
48.5	1.65311	
48.75	1.48407	
49	2.47595	
49.25	2.06238	
49.5	1.02112	
49.75	1.09592	
50	2.36002	
50.25	1.01498	
50.5	3.60519	
50.75	2.07129	
51	3.20905	
51.25	1.80881	
51.5	3.62955	
51.75	1.69397	
52	2.23761	
52.25	1.74243	
52.5	2.87625	
52.75	1.60068	
53	2.50662	
53.25	2.37851	
53.5	2.9303	
53.75	2.9303	
54	2.9303	
54.25	3.08093	
54.5	1.58118	
54.75	2.61966	
55	2.61966	
55.25	1.93713	
55.5	2.45587	
55.75	3.2467	
56	2.85477	
56.25	3.15131	
56.5	5.66342	
56.75	3.60815	
57	4.87704	
57.25	2.37671	
57.5	4.65231	
57.75	3.74197	
58	1.78595	
58.25	2.57306	
58.5	6.4494	
58.75	5.14053	
59	4.03888	
59.25	6.82321	
59.5	3.40366	
59.75	3.40366	
60	1.92502	
60.25	3.29196	
60.5	4.01138	
60.75	2.48438	
61	3.37439	
61.25	3.37439	
61.5	2.97186	
61.75	2.83258	
62	2.51547	
62.25	2.50031	
62.5	2.6272	
62.75	2.561	
63	1.81595	
63.25	3.79083	
63.5	1.86691	
63.75	3.04736	
64	3.04736	
64.25	2.49164	
64.5	3.21021	
64.75	3.35544	
65	2.9231	
65.25	3.25366	
65.5	2.20126	
65.75	2.68289	
66	2.70667	
66.25	3.28845	
66.5	2.9314	
66.75	2.64694	
67	3.43875	
67.25	2.29568	
67.5	3.3324	
67.75	3.00507	
68	2.69586	
68.25	2.76312	
68.5	3.68091	
68.75	3.32101	
69	3.62723	
69.25	2.93155	
69.5	3.58319	
69.75	2.56033	
70	2.65646	
70.25	3.81146	
70.5	3.4744	
70.75	2.31	
71	3.64151	
71.25	3.72095	
71.5	3.94348	
71.75	4.22681	
72	4.23462	
72.25	3.02383	
72.5	4.44196	
72.75	4.69577	
73	2.91983	
73.25	3.99088	
73.5	4.41544	
73.75	3.91788	
74	3.72806	
74.25	3.86209	
74.5	3.44272	
74.75	4.01819	
75	3.82486	
75.25	3.90335	
75.5	3.319	
75.75	3.86093	
76	4.41272	
76.25	4.41272	
76.5	3.86636	
76.75	4.12988	
77	3.88904	
77.25	4.44754	
77.5	3.19989	
77.75	5.2865	
78	4.11398	
78.25	3.57339	
78.5	3.38455	
78.75	3.23605	
79	4.95682	
79.25	4.85742	
79.5	3.49814	
79.75	4.58545	
80	4.68869	
80.25	5.07858	
80.5	4.75723	
80.75	3.56393	
81	3.56393	
81.25	4.22064	
81.5	4.43826	
81.75	4.35922	
82	4.42218	
82.25	4.38724	
82.5	4.24515	
82.75	4.02805	
83	4.07138	
83.25	4.20288	
83.5	4.44434	
83.75	4.54037	
84	4.05164	
84.25	4.39691	
84.5	3.46616	
84.75	4.70166	
85	4.66895	
85.25	4.93472	
85.5	3.29074	
85.75	3.87686	
86	4.05545	
86.25	4.50684	
86.5	4.34863	
86.75	4.56183	
87	4.10272	
87.25	5.07449	
87.5	4.79752	
87.75	5.35983	
88	5.06802	
88.25	4.73267	
88.5	4.353	
88.75	3.94153	
89	4.90646	
89.25	5.35028	
89.5	4.69324	
89.75	4.80325	
90	4.98209	
90.25	4.68872	
90.5	4.35617	
90.75	4.42477	
91	4.2955	
91.25	5.09369	
91.5	4.69342	
91.75	4.02795	
92	4.47583	
92.25	3.88013	
92.5	4.37164	
92.75	4.31436	
93	5.18787	
93.25	4.51752	
93.5	4.8891	
93.75	5.67731	
94	4.13239	
94.25	5.79288	
94.5	4.2099	
94.75	4.26138	
95	4.26138	
95.25	3.96353	
95.5	4.94699	
95.75	4.94699	
96	5.40842	
96.25	4.46039	
96.5	4.25763	
96.75	4.25763	
97	4.88614	
97.25	5.56958	
97.5	5.4325	
97.75	5.68027	
98	5.55316	
98.25	5.05014	
98.5	5.5184	
98.75	5.75946	
99	5.24896	
99.25	6.0899	
99.5	5.83328	
99.75	5.94321	
100	5.83087	
100.25	5.75272	
100.5	6.15814	
100.75	6.25528	
101	0.208252	
