Frequency - Plot 0	Amplitude - Plot 0	
1	-144.382	
1.25	-144.382	
1.5	-6.77856	
1.75	-7.50366	
2	-7.50366	
2.25	-8.26172	
2.5	-8.89893	
2.75	-8.89893	
3	-9.86572	
3.25	-9.8877	
3.5	-9.8877	
3.75	-9.8877	
4	-10.5469	
4.25	-12.3816	
4.5	-12.2058	
4.75	-13.0627	
5	-13.0627	
5.25	-13.7109	
5.5	-14.7986	
5.75	-15.1941	
6	-15.1941	
6.25	-15.1941	
6.5	-16.897	
6.75	-16.6223	
7	-17.4683	
7.25	-17.9297	
7.5	-17.9297	
7.75	-20.061	
8	-20.061	
8.25	-21.0937	
8.5	-21.3135	
8.75	-21.3135	
9	-22.6538	
9.25	-22.6538	
9.5	-22.6538	
9.75	-25.4883	
10	-25.4883	
10.25	-26.1584	
10.5	-26.0046	
10.75	-27.0154	
11	-27.1692	
11.25	-26.9604	
11.5	-26.7847	
11.75	-26.6638	
12	-27.5098	
12.25	-27.6526	
12.5	-28.2678	
12.75	-28.2678	
13	-28.2678	
13.25	-28.147	
13.5	-29.5972	
13.75	-30.542	
14	-30.542	
14.25	-33.6731	
14.5	-37.9797	
14.75	-43.6816	
15	-43.6816	
15.25	-55.6018	
15.5	-62.5012	
15.75	-63.3362	
16	-63.9404	
16.25	-66.0718	
16.5	-66.6101	
16.75	-71.1804	
17	-75.3552	
17.25	-77.4316	
17.5	-76.8274	
17.75	-74.0259	
18	-75.0806	
18.25	-71.7187	
18.5	-73.5425	
18.75	-75.8386	
19	-75.8386	
19.25	-80.2002	
19.5	-79.2664	
19.75	-79.1675	
20	-81.8591	
20.25	-83.573	
20.5	-83.573	
20.75	-87.8796	
21	-87.7478	
21.25	-87.7478	
21.5	-92.2742	
21.75	-92.3071	
22	-89.7583	
22.25	-89.8462	
22.5	-100.569	
22.75	-100.569	
23	-100.569	
23.25	-100.031	
23.5	-102.678	
23.75	-103.008	
24	-103.008	
24.25	-123.42	
24.5	-126.112	
24.75	-134.846	
25	-134.846	
25.25	-134	
25.5	-140.878	
25.75	-140.021	
26	-133.484	
26.25	-132.144	
26.5	-130.43	
26.75	-124.904	
27	-126.969	
27.25	-106.578	
27.5	-105.183	
27.75	-106.37	
28	-106.37	
28.25	-101.766	
28.5	-102.393	
28.75	-93.1201	
29	-93.1201	
29.25	-81.8481	
29.5	-81.8481	
29.75	-72.4438	
30	-72.4438	
30.25	-72.4438	
30.5	-66.2476	
30.75	-77.0361	
31	-77.0361	
31.25	-83.595	
31.5	-83.1995	
31.75	-75.1465	
32	-85.0671	
32.25	-82.8369	
32.5	-87.8137	
32.75	-98.5583	
33	-98.5583	
33.25	-94.79	
33.5	-74.5093	
33.75	-91.571	
34	-82.8809	
34.25	-82.8809	
34.5	-91.8127	
34.75	-77.4866	
35	-77.4866	
35.25	-108.809	
35.5	-82.0459	
35.75	-85.3528	
36	-64.7644	
36.25	-102.448	
36.5	-99.0857	
36.75	-106.655	
37	-122.926	
37.25	-142.965	
37.5	-107.71	
37.75	-113.632	
38	-74.8169	
38.25	-165.806	
38.5	-71.2683	
38.75	-153.666	
39	-146.393	
39.25	-134.835	
39.5	-117.598	
39.75	-133.187	
40	-177.825	
40.25	-147.678	
40.5	-147.678	
40.75	-69.7852	
41	-144.58	
41.25	-141.724	
41.5	-135.385	
41.75	-149.26	
42	-51.7456	
42.25	-169.354	
42.5	-105.897	
42.75	94.032	
43	-91.4722	
43.25	142.701	
43.5	-131.715	
43.75	159.478	
44	-72.2681	
44.25	-152.842	
44.5	-24.8621	
44.75	-101.404	
45	-101.404	
45.25	-92.5378	
45.5	-125.914	
45.75	-125.914	
46	10.2173	
46.25	-98.2837	
46.5	-15.8862	
46.75	-15.8862	
47	-15.6335	
47.25	-12.5903	
47.5	-48.8672	
47.75	-13.4363	
48	-10.9973	
48.25	46.3513	
48.5	46.3513	
48.75	-5.88867	
49	-3.22998	
49.25	-17.8528	
49.5	-23.8843	
49.75	10.7336	
50	-52.8442	
50.25	43.1982	
50.5	33.5522	
50.75	-6.31714	
51	-29.1577	
51.25	-11.7444	
51.5	-31.0693	
51.75	1.8457	
52	-17.3584	
52.25	-32.0691	
52.5	-32.4207	
52.75	11.4807	
53	-34.0027	
53.25	-6.92139	
53.5	-43.396	
53.75	-43.396	
54	-43.396	
54.25	-2.44995	
54.5	-40.7703	
54.75	-14.8975	
55	-14.8975	
55.25	-16.1938	
55.5	-14.1724	
55.75	-40.0342	
56	-7.31689	
56.25	-48.5486	
56.5	27.6196	
56.75	36.2988	
57	-12.5903	
57.25	-119.96	
57.5	-70.4553	
57.75	10.3821	
58	-53.3167	
58.25	-21.3135	
58.5	-8.62427	
58.75	-17.2266	
59	-17.3035	
59.25	-29.1138	
59.5	-29.729	
59.75	-29.729	
60	-15.26	
60.25	-38.0237	
60.5	-38.1226	
60.75	-29.7729	
61	-30.553	
61.25	-30.553	
61.5	-23.8953	
61.75	-28.927	
62	-20.1929	
62.25	-24.2798	
62.5	-34.7607	
62.75	-47.5049	
63	-30.8716	
63.25	-21.4453	
63.5	-35.0793	
63.75	-33.4534	
64	-33.4534	
64.25	-33.5193	
64.5	-12.074	
64.75	-30.7068	
65	-10.6018	
65.25	-39.6606	
65.5	-29.3225	
65.75	-25.8179	
66	-23.2251	
66.25	-25.9937	
66.5	-17.1497	
66.75	-16.7871	
67	-28.8721	
67.25	-23.7854	
67.5	-36.958	
67.75	-14.3262	
68	2.26318	
68.25	-48.8672	
68.5	-17.0837	
68.75	-25.0049	
69	-34.3982	
69.25	-9.58008	
69.5	-27.3889	
69.75	-27.8394	
70	-25.9277	
70.25	-36.8042	
70.5	-28.3228	
70.75	-24.9939	
71	-32.179	
71.25	-39.5837	
71.5	-30.2454	
71.75	-25.6091	
72	-21.4893	
72.25	-20.4895	
72.5	-34.53	
72.75	-32.0581	
73	-36.7712	
73.25	-37.9028	
73.5	-36.0901	
73.75	-33.9478	
74	-28.7292	
74.25	-30.4651	
74.5	-41.7041	
74.75	-26.9934	
75	-30.2563	
75.25	-31.2891	
75.5	-37.3975	
75.75	-30.9375	
76	-36.3867	
76.25	-36.3867	
76.5	-35.387	
76.75	-40.4187	
77	-32.2998	
77.25	-35.7605	
77.5	-44.8242	
77.75	-39.8035	
78	-26.1365	
78.25	-56.9531	
78.5	-42.7588	
78.75	-20.4895	
79	-34.53	
79.25	-31.5857	
79.5	-37.0898	
79.75	-28.3667	
80	-35.5847	
80.25	-38.6389	
80.5	-52.9761	
80.75	-35.9143	
81	-35.9143	
81.25	-47.8345	
81.5	-39.9792	
81.75	-40.2759	
82	-42.5061	
82.25	-47.9883	
82.5	-48.9771	
82.75	-41.8579	
83	-39.1443	
83.25	-45.824	
83.5	-36.8372	
83.75	-53.4595	
84	-53.7781	
84.25	-37.2546	
84.5	-49.823	
84.75	-50.3613	
85	-55.1404	
85.25	-50.2405	
85.5	-57.3486	
85.75	-44.5056	
86	-55.8875	
86.25	-39.2432	
86.5	-38.6829	
86.75	-36.7603	
87	-38.4192	
87.25	-59.7107	
87.5	-47.3511	
87.75	-51.6687	
88	-59.8975	
88.25	-51.6687	
88.5	-49.7791	
88.75	-54.3384	
89	-56.0632	
89.25	-52.4707	
89.5	-56.7554	
89.75	-49.5813	
90	-54.3494	
90.25	-49.7461	
90.5	-52.8442	
90.75	-53.6572	
91	-54.9756	
91.25	-57.5464	
91.5	-54.4482	
91.75	-57.085	
92	-56.4148	
92.25	-52.0312	
92.5	-53.8	
92.75	-50.7898	
93	-63.8745	
93.25	-45.9558	
93.5	-44.7583	
93.75	-57.9968	
94	-61.3696	
94.25	-51.7236	
94.5	-55.9644	
94.75	-64.5667	
95	-64.5667	
95.25	-62.0068	
95.5	-52.4377	
95.75	-52.4377	
96	-57.6672	
96.25	-55.2393	
96.5	-66.2585	
96.75	-66.2585	
97	-59.2053	
97.25	-58.3813	
97.5	-72.4988	
97.75	-67.1484	
98	-62.6221	
98.25	-66.0608	
98.5	-68.0823	
98.75	-72.7185	
99	-72.1912	
99.25	-76.2561	
99.5	-72.4988	
99.75	-76.7725	
100	-80.0244	
100.25	-79.8596	
100.5	-79.7827	
100.75	-81.4636	
101	76.1902	
