Frequency - Plot 0	Amplitude - Plot 0	
1	-3.14209	
1.25	-30.0586	
1.5	-30.0586	
1.75	-23.6096	
2	-5.07568	
2.25	-5.07568	
2.5	-6.73462	
2.75	-6.73462	
3	-22.1375	
3.25	-12.6892	
3.5	-12.6892	
3.75	-16.2268	
4	-28.3447	
4.25	-10.0195	
4.5	-25.7959	
4.75	-25.7959	
5	-14.5459	
5.25	-14.5459	
5.5	-26.9714	
5.75	-31.2891	
6	-31.2891	
6.25	-23.7854	
6.5	-8.42651	
6.75	-11.7334	
7	-11.7334	
7.25	-6.31714	
7.5	-6.05347	
7.75	-15.8862	
8	-15.8862	
8.25	-2.13135	
8.5	-2.13135	
8.75	0.791016	
9	8.72314	
9.25	8.72314	
9.5	-3.55957	
9.75	13.7219	
10	13.9636	
10.25	29.696	
10.5	20.1819	
10.75	-0.0439453	
11	36.9141	
11.25	94.812	
11.5	-170.266	
11.75	1.91162	
12	-26.0486	
12.25	-48.197	
12.5	-48.197	
12.75	-31.4978	
13	-7.30591	
13.25	-7.30591	
13.5	9.93164	
13.75	9.93164	
14	23.0383	
14.25	19.259	
14.5	19.259	
14.75	61.1829	
15	71.0815	
15.25	171.464	
15.5	-83.6938	
15.75	-54.4373	
16	-31.1572	
16.25	-31.1572	
16.5	29.3115	
16.75	74.0588	
17	-126.277	
17.25	-89.6045	
17.5	-5.7019	
17.75	-7.88818	
18	-7.88818	
18.25	18.0066	
18.5	22.7197	
18.75	41.792	
19	62.4133	
19.25	-129.705	
19.5	-129.705	
19.75	-86.2427	
20	-0.131836	
20.25	-33.1458	
20.5	-30.509	
20.75	1.06567	
21	10.3271	
21.25	-28.905	
21.5	113.566	
21.75	162.993	
22	162.993	
22.25	-47.0544	
22.5	11.1292	
22.75	99.8987	
23	-100.415	
23.25	-25.4553	
23.5	-25.4553	
23.75	-28.9819	
24	-28.9819	
24.25	-52.1851	
24.5	-9.27246	
24.75	28.2349	
25	8.27271	
25.25	8.27271	
25.5	30.6079	
25.75	-157.192	
26	-36.5515	
26.25	-7.25098	
26.5	15.5676	
26.75	137.505	
27	137.505	
27.25	-22.7856	
27.5	-138.593	
27.75	-56.1951	
28	-32.6404	
28.25	29.0369	
28.5	29.0369	
28.75	63.3691	
29	-146.008	
29.25	-113.708	
29.5	-39.1663	
29.75	72.345	
30	153.062	
30.25	-2.76855	
30.5	-124.64	
30.75	-124.64	
31	-34.8486	
31.25	-30.2783	
31.5	42.5391	
31.75	-145.272	
32	-37.4194	
32.25	-61.6443	
32.5	45.3735	
32.75	118.608	
33	-113.698	
33.25	33.8928	
33.5	28.0481	
33.75	134.44	
34	23.3459	
34.25	-11.5576	
34.5	63.446	
34.75	2.99927	
35	128.112	
35.25	-87.0557	
35.5	-8.31665	
35.75	24.3347	
36	-96.7676	
36.25	-96.7676	
36.5	4.48242	
36.75	4.48242	
37	-33.0359	
37.25	-33.0359	
37.5	146.547	
37.75	-28.3557	
38	-152.875	
38.25	24.3677	
38.5	90.4944	
38.75	-8.88794	
39	-8.88794	
39.25	-85.2649	
39.5	-21.6211	
39.75	59.2493	
40	-25.2466	
40.25	43.5498	
40.5	43.5498	
40.75	170.607	
41	-56.3159	
41.25	35.9912	
41.5	110.797	
41.75	-25.708	
42	-92.8455	
42.25	-130.836	
42.5	-130.836	
42.75	-81.4746	
43	-154.413	
43.25	-64.5337	
43.5	112.654	
43.75	-51.9214	
44	2.19727	
44.25	93.5815	
44.5	135.714	
44.75	-61.2708	
45	165.366	
45.25	-161.949	
45.5	171.694	
45.75	-111.456	
46	121.421	
46.25	71.1914	
46.5	39.1443	
46.75	-56.8542	
47	-50.8008	
47.25	151.963	
47.5	-2.70264	
47.75	-86.0779	
48	-41.001	
48.25	-7.43774	
48.5	-7.43774	
48.75	-23.269	
49	-27.301	
49.25	-27.301	
49.5	100.009	
49.75	-130.397	
50	167.432	
50.25	-68.335	
50.5	134.022	
50.75	72.4878	
51	-77.9919	
51.25	-55.9424	
51.5	34.7827	
51.75	-48.8232	
52	-42.1655	
52.25	166.904	
52.5	-54.9536	
52.75	116.587	
53	89.6155	
53.25	16.1499	
53.5	-103.184	
53.75	-116.049	
54	129.551	
54.25	40.0012	
54.5	-43.7476	
54.75	152.106	
55	80.1013	
55.25	128.936	
55.5	128.936	
55.75	-169.025	
56	-89.6484	
56.25	136.274	
56.5	136.274	
56.75	-37.8149	
57	174.76	
57.25	130.803	
57.5	112.104	
57.75	169.596	
58	75.7068	
58.25	117.29	
58.5	-46.4941	
58.75	-63.1714	
59	141.108	
59.25	96.7126	
59.5	-172.386	
59.75	27.2131	
60	-48.1531	
60.25	-121.63	
60.5	-124.036	
60.75	-26.3232	
61	-105.71	
61.25	-109.94	
61.5	112.236	
61.75	42.4182	
62	109.611	
62.25	105.414	
62.5	164.696	
62.75	-145.459	
63	133.484	
63.25	-137.802	
63.5	98.9648	
63.75	-81.5515	
64	97.4048	
64.25	-10.8655	
64.5	171.738	
64.75	11.8542	
65	167.552	
65.25	-99.0308	
65.5	136.813	
65.75	-148.645	
66	63.2483	
66.25	87.3633	
66.5	102.942	
66.75	73.092	
67	135.56	
67.25	114.752	
67.5	-4.99878	
67.75	-88.9343	
68	-11.7444	
68.25	48.4167	
68.5	3.04321	
68.75	-135.593	
69	94.0979	
69.25	68.7854	
69.5	-54.6899	
69.75	97.4927	
70	-24.1479	
70.25	-71.1694	
70.5	108.391	
70.75	131.528	
71	50.4382	
71.25	89.9011	
71.5	136.296	
71.75	98.2068	
72	173.101	
72.25	156.599	
72.5	136.769	
72.75	-25.9607	
73	90.7581	
73.25	-157.731	
73.5	-129.902	
73.75	-67.8516	
74	97.998	
74.25	-172.244	
74.5	-85.2429	
74.75	80.2991	
75	15.26	
75.25	-129.353	
75.5	94.6912	
75.75	21.8738	
76	-1.13159	
76.25	94.4495	
76.5	-31.7065	
76.75	158.511	
77	-66.698	
77.25	166.377	
77.5	77.8381	
77.75	135.648	
78	102.349	
78.25	108.468	
78.5	82.738	
78.75	78.9917	
79	1.61499	
79.25	75.1025	
79.5	78.9587	
79.75	82.5403	
80	99.2505	
80.25	63.7866	
80.5	78.9038	
80.75	-14.5569	
81	67.4121	
81.25	59.8755	
81.5	29.9707	
81.75	33.9148	
82	66.3794	
82.25	41.5283	
82.5	41.748	
82.75	31.2891	
83	53.833	
83.25	36.7383	
83.5	31.377	
83.75	-54.8328	
84	35.0464	
84.25	43.7695	
84.5	101.744	
84.75	-72.8394	
85	-9.33838	
85.25	-39.8804	
85.5	29.8608	
85.75	18.6108	
86	26.5759	
86.25	58.3044	
86.5	49.79	
86.75	-42.8687	
87	-46.8127	
87.25	11.5906	
87.5	-45.1099	
87.75	-34.8376	
88	17.5891	
88.25	-75.2783	
88.5	-66.4343	
88.75	-3.17505	
89	-31.9482	
89.25	-34.585	
89.5	-36.7603	
89.75	-22.4561	
90	11.7004	
90.25	-41.6931	
90.5	-56.6125	
90.75	-12.1179	
91	49.5593	
91.25	-27.9163	
91.5	-63.8196	
91.75	1.81274	
92	-23.1921	
92.25	-70.1697	
92.5	-45.3735	
92.75	-19.0723	
93	7.88818	
93.25	-72.4878	
93.5	-25.9058	
93.75	68.9282	
94	-58.9856	
94.25	-67.7197	
94.5	-11.5796	
94.75	50.7678	
95	-65.6653	
95.25	7.08618	
95.5	88.8354	
95.75	81.4856	
96	125.739	
96.25	-19.7644	
96.5	-41.5063	
96.75	-58.1616	
97	-104.941	
97.25	42.583	
97.5	-27.4768	
97.75	-67.533	
98	-12.4255	
98.25	39.7485	
98.5	-3.71338	
98.75	-24.7522	
99	-64.8633	
99.25	-47.3511	
99.5	-67.7087	
99.75	-73.5864	
100	-77.4207	
100.25	-77.4207	
100.5	-2.53784	
100.75	-32.9041	
101	-23.1152	
