Frequency - Plot 0	Amplitude - Plot 0	
1	4.77829	
1.25	4.77829	
1.5	4.77829	
1.75	6.13855	
2	6.13855	
2.25	6.23737	
2.5	6.23737	
2.75	6.25165	
3	6.25165	
3.25	6.36908	
3.5	6.37094	
3.75	6.41406	
4	6.41406	
4.25	6.41406	
4.5	6.41406	
4.75	6.38242	
5	6.19107	
5.25	6.30371	
5.5	6.37411	
5.75	6.37411	
6	6.71286	
6.25	6.71286	
6.5	7.01468	
6.75	7.2933	
7	7.2933	
7.25	7.59097	
7.5	7.59097	
7.75	7.92825	
8	8.32315	
8.25	8.42776	
8.5	8.68793	
8.75	8.68793	
9	8.93884	
9.25	9.22354	
9.5	9.34534	
9.75	9.68179	
10	9.68179	
10.25	9.82501	
10.5	9.82501	
10.75	10.1383	
11	10.3389	
11.25	10.6395	
11.5	10.5317	
11.75	10.3044	
12	10.524	
12.25	10.5497	
12.5	10.7168	
12.75	11.1713	
13	11.2962	
13.25	11.6098	
13.5	11.5703	
13.75	11.7698	
14	11.7698	
14.25	11.5375	
14.5	11.7067	
14.75	11.7067	
15	11.7067	
15.25	11.3899	
15.5	11.3899	
15.75	11.278	
16	11.0882	
16.25	11.0882	
16.5	11.2047	
16.75	11.2548	
17	11.3365	
17.25	11.3128	
17.5	11.3128	
17.75	11.3128	
18	10.7913	
18.25	10.9099	
18.5	11.3162	
18.75	11.4147	
19	11.5534	
19.25	11.5916	
19.5	11.0664	
19.75	10.6609	
20	11.039	
20.25	11.0992	
20.5	10.9691	
20.75	11.0643	
21	10.9274	
21.25	10.8723	
21.5	10.5584	
21.75	10.5584	
22	10.2326	
22.25	10.2326	
22.5	9.84796	
22.75	9.84796	
23	9.84796	
23.25	9.84796	
23.5	10.0376	
23.75	10.0807	
24	10.0807	
24.25	9.59659	
24.5	9.65036	
24.75	8.96631	
25	8.96631	
25.25	8.96631	
25.5	8.68628	
25.75	8.68628	
26	8.74387	
26.25	8.74387	
26.5	8.74387	
26.75	8.59637	
27	8.23682	
27.25	8.23682	
27.5	8.22849	
27.75	8.12799	
28	7.83838	
28.25	7.39914	
28.5	7.18729	
28.75	7.66406	
29	7.4982	
29.25	7.24911	
29.5	6.78632	
29.75	7.51416	
30	7.39807	
30.25	7.01019	
30.5	6.70288	
30.75	6.88046	
31	6.77545	
31.25	6.55865	
31.5	6.38928	
31.75	6.06024	
32	6.3364	
32.25	6.06097	
32.5	6.23514	
32.75	6.23514	
33	5.18781	
33.25	5.37091	
33.5	5.37091	
33.75	5.55515	
34	4.89294	
34.25	4.99606	
34.5	5.27637	
34.75	5.09137	
35	4.42099	
35.25	4.59601	
35.5	4.41824	
35.75	3.98965	
36	3.98785	
36.25	3.42554	
36.5	3.42554	
36.75	4.31424	
37	3.40436	
37.25	3.39203	
37.5	3.96188	
37.75	3.08459	
38	3.60391	
38.25	3.18896	
38.5	2.17398	
38.75	2.17398	
39	3.2894	
39.25	2.53052	
39.5	1.46786	
39.75	2.72482	
40	2.25299	
40.25	3.06018	
40.5	1.89578	
40.75	1.40952	
41	1.40952	
41.25	2.03955	
41.5	2.00705	
41.75	1.86685	
42	1.86685	
42.25	1.01453	
42.5	1.7803	
42.75	1.06924	
43	0.983429	
43.25	1.04562	
43.5	1.27432	
43.75	1.60712	
44	1.60712	
44.25	1.32843	
44.5	1.448	
44.75	0.765381	
45	0.765381	
45.25	1.01691	
45.5	0.839111	
45.75	0.523621	
46	0.523621	
46.25	1.39557	
46.5	0.860229	
46.75	1.02982	
47	0.831055	
47.25	0.437866	
47.5	0.353699	
47.75	0.838226	
48	1.04822	
48.25	0.819275	
48.5	0.964813	
48.75	0.718872	
49	3.37289	
49.25	0.859894	
49.5	1.31247	
49.75	2.1188	
50	2.43802	
50.25	3.23398	
50.5	4.37491	
50.75	0.458008	
51	0.705688	
51.25	3.8118	
51.5	1.30402	
51.75	3.58499	
52	3.91925	
52.25	3.87204	
52.5	1.28775	
52.75	3.14587	
53	3.14587	
53.25	1.60574	
53.5	2.87399	
53.75	1.33673	
54	3.91614	
54.25	0.528839	
54.5	4.17212	
54.75	0.353821	
55	0.353821	
55.25	2.94974	
55.5	2.34116	
55.75	4.11172	
56	2.02133	
56.25	1.3829	
56.5	2.52713	
56.75	5.11911	
57	5.11911	
57.25	2.06604	
57.5	3.21722	
57.75	3.21722	
58	2.18808	
58.25	3.00732	
58.5	1.74493	
58.75	2.34802	
59	1.69421	
59.25	0.914612	
59.5	0.687469	
59.75	3.16681	
60	3.44839	
60.25	2.72711	
60.5	1.42233	
60.75	3.28497	
61	3.02524	
61.25	1.05945	
61.5	3.27982	
61.75	0.752808	
62	2.24472	
62.25	1.96027	
62.5	4.98611	
62.75	1.52393	
63	3.45459	
63.25	4.26147	
63.5	1.56711	
63.75	2.80264	
64	1.48956	
64.25	3.44919	
64.5	3.02402	
64.75	0.756927	
65	1.66351	
65.25	1.02011	
65.5	1.57843	
65.75	0.216217	
66	3.68945	
66.25	1.15091	
66.5	2.6897	
66.75	3.1712	
67	0.255219	
67.25	2.4248	
67.5	0.26889	
67.75	1.70285	
68	2.5043	
68.25	0.566315	
68.5	2.29813	
68.75	1.31421	
69	2.20819	
69.25	1.24008	
69.5	1.3096	
69.75	1.73541	
70	1.90427	
70.25	1.90427	
70.5	1.19128	
70.75	1.65561	
71	1.08847	
71.25	1.0137	
71.5	1.89719	
71.75	1.24182	
72	1.39838	
72.25	1.90665	
72.5	1.16135	
72.75	2.07599	
73	2.34583	
73.25	1.21405	
73.5	1.78354	
73.75	2.52039	
74	2.52039	
74.25	1.96988	
74.5	2.06308	
74.75	1.78351	
75	1.35452	
75.25	1.97516	
75.5	1.97516	
75.75	2.56674	
76	1.34769	
76.25	1.22415	
76.5	1.44727	
76.75	1.69485	
77	2.66544	
77.25	1.35538	
77.5	2.50519	
77.75	2.45773	
78	2.18985	
78.25	1.81107	
78.5	2.43878	
78.75	2.58813	
79	1.69531	
79.25	2.33807	
79.5	1.11249	
79.75	2.44983	
80	1.6265	
80.25	2.06781	
80.5	1.53329	
80.75	1.79391	
81	2.216	
81.25	1.85046	
81.5	1.87759	
81.75	2.27014	
82	1.68262	
82.25	1.22226	
82.5	1.80655	
82.75	2.43942	
83	2.43942	
83.25	1.83978	
83.5	2.06796	
83.75	2.15433	
84	1.63245	
84.25	2.05081	
84.5	2.28958	
84.75	2.18356	
85	2.15198	
85.25	1.41586	
85.5	1.43137	
85.75	2.75565	
86	1.6001	
86.25	1.99704	
86.5	1.74933	
86.75	2.08841	
87	2.61569	
87.25	1.29282	
87.5	1.19888	
87.75	1.83063	
88	1.7471	
88.25	2.29187	
88.5	0.979187	
88.75	2.35208	
89	2.02582	
89.25	2.15918	
89.5	1.81262	
89.75	2.49295	
90	1.74811	
90.25	2.65674	
90.5	2.2616	
90.75	1.87875	
91	1.37656	
91.25	1.58484	
91.5	2.19171	
91.75	2.27808	
92	2.2688	
92.25	2.85309	
92.5	0.888153	
92.75	3.06366	
93	1.806	
93.25	2.60663	
93.5	2.53983	
93.75	1.99789	
94	1.96494	
94.25	1.26456	
94.5	2.03345	
94.75	3.57498	
95	3.48123	
95.25	2.51996	
95.5	1.7276	
95.75	2.47314	
96	1.4339	
96.25	1.48099	
96.5	2.11978	
96.75	1.50177	
97	2.10211	
97.25	2.60373	
97.5	1.75735	
97.75	2.03406	
98	2.138	
98.25	2.54837	
98.5	2.66821	
98.75	1.82031	
99	2.34982	
99.25	2.3175	
99.5	2.27112	
99.75	2.37421	
100	2.15567	
100.25	2.11139	
100.5	2.12607	
100.75	1.76205	
101	0.309113	
