Frequency - Plot 0	Amplitude - Plot 0	
1	4.25333	
1.25	8.36682	
1.5	8.36682	
1.75	8.23117	
2	8.23117	
2.25	8.48264	
2.5	8.7005	
2.75	8.7005	
3	8.90555	
3.25	8.90555	
3.5	8.90555	
3.75	8.88998	
4	8.88998	
4.25	8.68939	
4.5	8.68939	
4.75	8.42297	
5	8.15186	
5.25	8.15186	
5.5	8.01367	
5.75	8.01367	
6	7.97592	
6.25	8.31839	
6.5	8.43555	
6.75	9.21158	
7	9.49405	
7.25	9.49405	
7.5	9.98688	
7.75	9.98688	
8	10.3714	
8.25	10.5228	
8.5	10.8966	
8.75	11.1476	
9	11.1476	
9.25	11.1476	
9.5	11.2831	
9.75	11.4774	
10	11.4774	
10.25	11.5121	
10.5	11.5121	
10.75	11.5121	
11	11.4991	
11.25	11.4325	
11.5	11.4758	
11.75	11.6469	
12	11.8011	
12.25	11.8011	
12.5	11.8011	
12.75	11.8127	
13	11.8676	
13.25	11.8676	
13.5	11.8676	
13.75	11.8595	
14	11.8595	
14.25	11.684	
14.5	11.684	
14.75	11.7013	
15	11.2527	
15.25	11.2527	
15.5	11.1718	
15.75	11.4666	
16	11.5967	
16.25	11.7408	
16.5	11.8246	
16.75	11.9092	
17	11.9446	
17.25	11.9446	
17.5	12.2256	
17.75	12.6128	
18	12.3741	
18.25	12.3663	
18.5	12.6749	
18.75	12.6749	
19	12.6852	
19.25	12.6852	
19.5	11.4059	
19.75	11.4059	
20	10.8885	
20.25	10.6767	
20.5	10.3521	
20.75	10.0909	
21	9.86688	
21.25	10.016	
21.5	10.0301	
21.75	9.96271	
22	9.754	
22.25	9.35855	
22.5	8.90479	
22.75	8.47464	
23	8.83734	
23.25	8.67892	
23.5	8.4223	
23.75	8.67667	
24	8.52255	
24.25	8.23077	
24.5	7.95731	
24.75	8.05389	
25	7.95761	
25.25	7.90686	
25.5	8.64917	
25.75	7.81766	
26	8.14648	
26.25	8.14648	
26.5	7.78967	
26.75	7.77017	
27	7.88947	
27.25	7.88049	
27.5	7.88049	
27.75	7.09396	
28	6.7948	
28.25	6.74692	
28.5	6.59045	
28.75	6.53745	
29	6.44693	
29.25	6.23227	
29.5	6.21573	
29.75	5.82327	
30	5.95343	
30.25	5.95343	
30.5	5.83194	
30.75	5.83194	
31	5.57019	
31.25	5.03793	
31.5	4.23492	
31.75	4.53058	
32	4.48468	
32.25	4.38986	
32.5	4.38986	
32.75	3.98425	
33	4.50784	
33.25	4.36337	
33.5	4.74088	
33.75	4.66473	
34	4.25119	
34.25	4.43088	
34.5	4.84482	
34.75	4.60437	
35	4.64917	
35.25	4.60519	
35.5	4.19077	
35.75	4.54172	
36	3.07736	
36.25	4.25043	
36.5	3.85519	
36.75	3.98654	
37	4.02286	
37.25	3.17905	
37.5	4.54944	
37.75	3.77621	
38	3.83051	
38.25	3.92993	
38.5	4.47604	
38.75	3.24176	
39	3.87311	
39.25	3.19556	
39.5	3.24344	
39.75	3.46985	
40	3.15988	
40.25	3.4884	
40.5	3.62811	
40.75	2.85651	
41	3.24866	
41.25	2.44659	
41.5	2.87259	
41.75	2.10995	
42	2.16867	
42.25	2.05557	
42.5	2.24747	
42.75	2.92227	
43	2.96243	
43.25	2.61887	
43.5	1.36597	
43.75	2.37796	
44	2.72058	
44.25	3.58081	
44.5	0.984894	
44.75	1.11362	
45	1.73206	
45.25	1.65082	
45.5	1.14511	
45.75	1.79062	
46	0.907745	
46.25	0.61322	
46.5	1.68704	
46.75	0.758759	
47	0.532257	
47.25	0.851593	
47.5	0.726318	
47.75	1.24118	
48	1.19443	
48.25	0.922333	
48.5	0.28302	
48.75	0.578705	
49	0.64209	
49.25	0.396515	
49.5	0.261261	
49.75	0.199158	
50	0.335236	
50.25	1.02081	
50.5	0.792023	
50.75	1.13861	
51	0.852753	
51.25	0.338593	
51.5	0.794159	
51.75	1.30411	
52	0.561127	
52.25	1.01529	
52.5	0.401672	
52.75	1.04422	
53	1.64987	
53.25	2.33658	
53.5	0.473145	
53.75	0.865723	
54	1.14017	
54.25	3.29169	
54.5	4.79593	
54.75	4.71286	
55	5.16998	
55.25	2.81027	
55.5	4.92456	
55.75	3.75687	
56	3.11169	
56.25	4.31177	
56.5	1.80042	
56.75	1.80042	
57	1.9809	
57.25	1.00635	
57.5	2.32053	
57.75	2.0217	
58	1.16788	
58.25	2.20038	
58.5	1.0896	
58.75	3.60748	
59	3.35254	
59.25	5.18103	
59.5	2.37991	
59.75	0.774048	
60	1.54758	
60.25	2.19894	
60.5	1.93509	
60.75	2.18353	
61	1.58261	
61.25	2.2655	
61.5	4.4682	
61.75	0.556763	
62	1.38992	
62.25	2.41455	
62.5	2.09937	
62.75	1.23151	
63	1.73016	
63.25	1.65329	
63.5	2.22498	
63.75	1.60098	
64	2.16409	
64.25	1.63696	
64.5	1.78275	
64.75	1.78275	
65	2.92563	
65.25	4.07907	
65.5	2.14828	
65.75	1.92953	
66	5.05994	
66.25	2.00186	
66.5	5.65836	
66.75	2.95679	
67	1.0307	
67.25	2.17358	
67.5	3.05902	
67.75	2.82681	
68	2.56512	
68.25	2.58701	
68.5	2.92273	
68.75	2.37903	
69	3.35684	
69.25	0.819	
69.5	1.73978	
69.75	1.73978	
70	3.36514	
70.25	1.92792	
70.5	2.99982	
70.75	1.55582	
71	2.63715	
71.25	3.15707	
71.5	2.22897	
71.75	1.04993	
72	2.17664	
72.25	1.74203	
72.5	2.11871	
72.75	2.95724	
73	2.19708	
73.25	2.33298	
73.5	3.16901	
73.75	3.17947	
74	2.55521	
74.25	1.52347	
74.5	2.08511	
74.75	2.61938	
75	2.76935	
75.25	2.25845	
75.5	2.71143	
75.75	1.89297	
76	3.26041	
76.25	2.63174	
76.5	3.31903	
76.75	2.9693	
77	1.76208	
77.25	2.76904	
77.5	3.10248	
77.75	2.52072	
78	1.09052	
78.25	1.15521	
78.5	2.7912	
78.75	1.33377	
79	2.84409	
79.25	3.86581	
79.5	3.95349	
79.75	2.20883	
80	1.43613	
80.25	2.2269	
80.5	2.49057	
80.75	3.92804	
81	1.50977	
81.25	2.56866	
81.5	2.60825	
81.75	2.63687	
82	3.01398	
82.25	2.15381	
82.5	3.18576	
82.75	2.68384	
83	2.44888	
83.25	2.02383	
83.5	2.25235	
83.75	2.05194	
84	2.33807	
84.25	2.67255	
84.5	1.85583	
84.75	2.40628	
85	2.62079	
85.25	2.62079	
85.5	2.78568	
85.75	2.84351	
86	2.02792	
86.25	2.21872	
86.5	3.44904	
86.75	2.17438	
87	3.47174	
87.25	3.39145	
87.5	1.94647	
87.75	2.1525	
88	3.32501	
88.25	3.75125	
88.5	2.55093	
88.75	3.04718	
89	3.32294	
89.25	3.33868	
89.5	2.42874	
89.75	3.43005	
90	2.90384	
90.25	3.33401	
90.5	2.94934	
90.75	3.15005	
91	2.6113	
91.25	3.4288	
91.5	3.03528	
91.75	3.41183	
92	3.91104	
92.25	2.90244	
92.5	2.79788	
92.75	3.1055	
93	3.03424	
93.25	3.017	
93.5	4.23254	
93.75	1.77142	
94	2.50345	
94.25	3.70758	
94.5	2.3183	
94.75	2.67691	
95	3.01755	
95.25	3.96387	
95.5	3.19577	
95.75	3.52933	
96	2.18341	
96.25	3.25717	
96.5	3.5824	
96.75	3.59	
97	3.0351	
97.25	2.121	
97.5	3.70056	
97.75	3.4386	
98	2.97931	
98.25	2.68066	
98.5	2.65988	
98.75	3.26743	
99	2.99625	
99.25	3.00061	
99.5	3.10931	
99.75	2.52121	
100	3.08246	
100.25	3.02374	
100.5	3.2872	
100.75	3.62027	
101	0.438477	
