Frequency - Plot 0	Amplitude - Plot 0	
1	-6.19629	
1.25	-6.19629	
1.5	-6.19629	
1.75	-6.19629	
2	-9.21753	
2.25	-10.2612	
2.5	-10.6458	
2.75	-11.0962	
3	-11.0962	
3.25	-12.074	
3.5	-12.2607	
3.75	-12.2607	
4	-12.2607	
4.25	-12.2607	
4.5	-12.9749	
4.75	-14.1833	
5	-16.1169	
5.25	-16.1169	
5.5	-16.1169	
5.75	-17.1716	
6	-18.446	
6.25	-18.446	
6.5	-19.7314	
6.75	-19.7314	
7	-19.7314	
7.25	-19.4568	
7.5	-19.4568	
7.75	-20.072	
8	-19.6436	
8.25	-19.6436	
8.5	-19.6436	
8.75	-19.6436	
9	-20.4785	
9.25	-20.4785	
9.5	-21.1597	
9.75	-21.1597	
10	-21.1597	
10.25	-21.1597	
10.5	-22.5989	
10.75	-22.5989	
11	-23.7085	
11.25	-24.6533	
11.5	-24.4666	
11.75	-25.3784	
12	-25.3784	
12.25	-25.2466	
12.5	-25.2905	
12.75	-25.2905	
13	-24.917	
13.25	-24.917	
13.5	-24.917	
13.75	-25.1257	
14	-25.1257	
14.25	-26.0706	
14.5	-27.356	
14.75	-26.0156	
15	-26.0156	
15.25	-25.4553	
15.5	-25.4553	
15.75	-25.3674	
16	-25.5212	
16.25	-27.6306	
16.5	-29.7839	
16.75	-30.5969	
17	-31.3	
17.25	-42.9456	
17.5	-64.6655	
17.75	-67.0715	
18	-67.0715	
18.25	-69.082	
18.5	-69.082	
18.75	-75.1685	
19	-78.2996	
19.25	-76.8274	
19.5	-76.1353	
19.75	-76.8054	
20	-79.7168	
20.25	-79.7168	
20.5	-81.4746	
20.75	-84.1333	
21	-85.979	
21.25	-85.979	
21.5	-85.8032	
21.75	-85.8032	
22	-91.3623	
22.25	-97.9871	
22.5	-101.239	
22.75	-101.7	
23	-102.063	
23.25	-109.38	
23.5	-111.951	
23.75	-111.951	
24	-113.939	
24.25	-114.873	
24.5	-113.928	
24.75	-113.928	
25	-116.96	
25.25	-117.323	
25.5	-123.003	
25.75	-126.771	
26	-126.837	
26.25	-128.496	
26.5	-127.892	
26.75	-127.892	
27	-132.198	
27.25	-131.891	
27.5	-134.066	
27.75	-134.066	
28	-131.968	
28.25	-131.276	
28.5	-131.276	
28.75	-142.141	
29	-135.648	
29.25	-137.417	
29.5	-145.767	
29.75	-137.736	
30	-130.627	
30.25	-130.627	
30.5	-130.627	
30.75	-133.528	
31	-129.463	
31.25	-129.463	
31.5	-116.334	
31.75	-99.2285	
32	-109.687	
32.25	-109.687	
32.5	-106.216	
32.75	-101.492	
33	-102.7	
33.25	-103.326	
33.5	-115.664	
33.75	-99.5581	
34	-104.667	
34.25	-104.667	
34.5	-98.9539	
34.75	-97.8772	
35	-88.5937	
35.25	-80.9583	
35.5	-82.2327	
35.75	-82.2327	
36	-85.6714	
36.25	-85.6714	
36.5	-73.8501	
36.75	-73.8501	
37	-87.4402	
37.25	-101.492	
37.5	-98.9429	
37.75	-107.644	
38	-110.896	
38.25	-116.488	
38.5	-111.83	
38.75	-111.83	
39	-132.561	
39.25	-132.264	
39.5	-132.264	
39.75	-143.833	
40	-146.503	
40.25	-144.91	
40.5	-148.81	
40.75	-158.544	
41	-150.513	
41.25	-150.15	
41.5	-163.136	
41.75	-167.058	
42	-174.836	
42.25	-162.543	
42.5	-162.543	
42.75	-177.946	
43	-161.993	
43.25	-163.433	
43.5	-162.026	
43.75	-154.951	
44	-166.41	
44.25	-153.358	
44.5	-175.298	
44.75	-163.235	
45	-168.992	
45.25	-170.497	
45.5	-168.849	
45.75	-139.977	
46	-154.413	
46.25	-154.413	
46.5	-165.916	
46.75	-176.737	
47	-164.597	
47.25	-163.96	
47.5	-156.786	
47.75	-156.786	
48	-120.114	
48.25	-132.704	
48.5	-148.513	
48.75	-109.841	
49	178.484	
49.25	-172.068	
49.5	-106.787	
49.75	-99.5581	
50	11.217	
50.25	-169.706	
50.5	-68.2581	
50.75	48.7793	
51	-107.457	
51.25	-124.102	
51.5	-124.102	
51.75	163.477	
52	6.3501	
52.25	80.332	
52.5	-154.193	
52.75	7.88818	
53	170.244	
53.25	-18.9185	
53.5	-124.069	
53.75	-132.144	
54	-28.7073	
54.25	36.7603	
54.5	-29.1687	
54.75	-107.095	
55	33.0249	
55.25	4.01001	
55.5	-24.126	
55.75	-95.1416	
56	9.52515	
56.25	-19.325	
56.5	-19.325	
56.75	-4.69116	
57	-68.7854	
57.25	-31.2781	
57.5	-9.11865	
57.75	-94.2627	
58	-90.2307	
58.25	12.7771	
58.5	-39.7156	
58.75	-14.502	
59	-0.175781	
59.25	-16.0071	
59.5	-22.4451	
59.75	-14.8096	
60	-7.42676	
60.25	1.23047	
60.5	27.3779	
60.75	-100.514	
61	-100.514	
61.25	-100.514	
61.5	-27.6746	
61.75	-9.63501	
62	-9.63501	
62.25	-97.0093	
62.5	-26.9824	
62.75	-22.1155	
63	-11.7114	
63.25	-24.7632	
63.5	-43.429	
63.75	-12.1179	
64	-72.3669	
64.25	-32.0801	
64.5	-30.553	
64.75	-45.0549	
65	10.1953	
65.25	-40.8472	
65.5	-11.7664	
65.75	-24.9609	
66	-41.3855	
66.25	-72.0593	
66.5	-11.2061	
66.75	-13.5352	
67	-49.2957	
67.25	-22.2034	
67.5	-43.2751	
67.75	-40.6934	
68	-83.2764	
68.25	-18.2153	
68.5	-36.5405	
68.75	-27.9712	
69	-1.25244	
69.25	-30.9924	
69.5	-28.905	
69.75	-36.2219	
70	-42.6379	
70.25	-14.9744	
70.5	-22.5	
70.75	-15.0952	
71	-26.9275	
71.25	-9.76685	
71.5	-31.3	
71.75	-22.1375	
72	-11.4478	
72.25	-21.5991	
72.5	-16.2048	
72.75	-42.1106	
73	-18.2703	
73.25	-45.5493	
73.5	-17.7869	
73.75	-18.4021	
74	-23.324	
74.25	-44.4287	
74.5	-35.0134	
74.75	-36.4746	
75	-18.1494	
75.25	-11.4697	
75.5	-25.2026	
75.75	-32.6953	
76	-19.8193	
76.25	-31.8384	
76.5	-32.3108	
76.75	-28.3337	
77	-43.4399	
77.25	-33.2336	
77.5	-24.082	
77.75	-28.0701	
78	-34.4202	
78.25	-33.1348	
78.5	-41.825	
78.75	-28.2349	
79	-42.4951	
79.25	-52.3169	
79.5	-27.4878	
79.75	-43.6267	
80	-48.4937	
80.25	-41.5503	
80.5	-41.5503	
80.75	-38.9026	
81	-44.0222	
81.25	-26.6309	
81.5	-30.4651	
81.75	-30.4651	
82	-31.2561	
82.25	-30.3552	
82.5	-30.3552	
82.75	-28.5645	
83	-43.2971	
83.25	-40.199	
83.5	-27.0813	
83.75	-32.1899	
84	-40.6934	
84.25	-47.5598	
84.5	-34.4641	
84.75	-26.3452	
85	-23.0713	
85.25	-33.9038	
85.5	-46.5271	
85.75	-38.8477	
86	-50.3833	
86.25	-47.3401	
86.5	-49.1089	
86.75	-51.2842	
87	-42.583	
87.25	-21.1597	
87.5	-21.8958	
87.75	-37.9578	
88	-38.4412	
88.25	-45.7031	
88.5	-38.0127	
88.75	-28.7512	
89	-28.3008	
89.25	-28.3777	
89.5	-35.2112	
89.75	-35.2112	
90	-39.4409	
90.25	-31.8494	
90.5	-39.2542	
90.75	-39.1443	
91	-39.7815	
91.25	-43.0115	
91.5	-32.8162	
91.75	-25.1477	
92	-31.5857	
92.25	-36.5845	
92.5	-41.4954	
92.75	-37.5952	
93	-28.4326	
93.25	-40.6384	
93.5	-45.8459	
93.75	-53.2507	
94	-31.1023	
94.25	-54.679	
94.5	-47.2083	
94.75	-26.2244	
95	-51.8115	
95.25	-45.813	
95.5	-46.4612	
95.75	-33.5303	
96	-39.6277	
96.25	-47.5049	
96.5	-26.3452	
96.75	-38.3093	
97	-50.9326	
97.25	-38.9465	
97.5	-31.3989	
97.75	-31.3989	
98	-41.4185	
98.25	-30.4102	
98.5	-32.8162	
98.75	-33.9038	
99	-39.9902	
99.25	-36.7383	
99.5	-43.1873	
99.75	-38.606	
100	-40.3967	
100.25	-37.771	
100.5	-42.3853	
100.75	-36.6943	
101	24.7302	
