Frequency - Plot 0	Amplitude - Plot 0	
1	2.72058	
1.25	9.92203	
1.5	9.87442	
1.75	9.87442	
2	9.87442	
2.25	9.88644	
2.5	9.88644	
2.75	9.88644	
3	9.99802	
3.25	10.1048	
3.5	10.1048	
3.75	10.1456	
4	10.1456	
4.25	10.1452	
4.5	10.1452	
4.75	10.1357	
5	10.1357	
5.25	10.1617	
5.5	10.1705	
5.75	10.2408	
6	10.0573	
6.25	10.1217	
6.5	10.1217	
6.75	10.1118	
7	10.2267	
7.25	10.2267	
7.5	10.1154	
7.75	10.1818	
8	10.1162	
8.25	10.1938	
8.5	10.1459	
8.75	10.3011	
9	10.3291	
9.25	10.3882	
9.5	10.3914	
9.75	10.3914	
10	10.335	
10.25	10.275	
10.5	10.3382	
10.75	10.368	
11	10.6303	
11.25	10.6719	
11.5	10.6719	
11.75	10.5803	
12	10.5519	
12.25	10.5056	
12.5	10.5056	
12.75	10.3609	
13	10.0613	
13.25	10.2595	
13.5	10.3422	
13.75	10.5164	
14	10.5164	
14.25	10.7013	
14.5	10.7887	
14.75	10.9428	
15	10.8694	
15.25	10.8461	
15.5	10.6276	
15.75	10.3942	
16	10.5368	
16.25	10.8672	
16.5	11.1409	
16.75	11.4306	
17	10.8095	
17.25	10.8095	
17.5	10.8095	
17.75	10.3654	
18	10.3654	
18.25	10.3654	
18.5	10.4899	
18.75	10.3307	
19	10.0575	
19.25	10.7863	
19.5	10.4428	
19.75	10.4428	
20	10.3015	
20.25	10.1136	
20.5	9.94473	
20.75	9.49985	
21	9.49985	
21.25	8.38278	
21.5	8.27939	
21.75	8.27939	
22	7.85464	
22.25	7.5585	
22.5	7.5585	
22.75	7.57153	
23	6.47653	
23.25	6.47653	
23.5	5.52917	
23.75	5.64636	
24	5.69812	
24.25	5.50485	
24.5	5.33524	
24.75	4.91302	
25	4.51218	
25.25	4.01419	
25.5	7.88306	
25.75	9.52307	
26	9.96252	
26.25	9.4736	
26.5	7.93283	
26.75	8.42255	
27	8.42255	
27.25	6.93521	
27.5	6.68558	
27.75	6.18219	
28	6.30191	
28.25	5.98184	
28.5	5.64249	
28.75	5.69171	
29	5.69171	
29.25	5.40826	
29.5	5.40826	
29.75	4.63229	
30	4.63229	
30.25	4.54285	
30.5	4.85474	
30.75	3.84195	
31	3.97437	
31.25	4.04916	
31.5	3.83276	
31.75	4.19785	
32	4.1351	
32.25	3.81299	
32.5	3.38568	
32.75	4.17752	
33	4.15347	
33.25	3.82446	
33.5	3.65158	
33.75	3.69208	
34	3.69208	
34.25	3.2565	
34.5	2.73172	
34.75	2.73172	
35	3.6709	
35.25	3.19479	
35.5	3.58658	
35.75	5.18982	
36	4.43408	
36.25	5.64005	
36.5	5.49634	
36.75	5.49634	
37	5.11548	
37.25	5.77206	
37.5	5.59589	
37.75	4.64355	
38	5.46384	
38.25	4.91187	
38.5	4.54779	
38.75	5.30014	
39	3.43314	
39.25	4.86261	
39.5	4.33047	
39.75	4.40128	
40	4.38364	
40.25	4.49155	
40.5	5.5293	
40.75	5.5293	
41	4.11108	
41.25	4.11108	
41.5	3.36984	
41.75	3.36984	
42	3.13141	
42.25	6.77585	
42.5	3.41583	
42.75	5.70831	
43	2.55722	
43.25	4.67484	
43.5	3.01791	
43.75	4.7092	
44	4.7092	
44.25	4.92188	
44.5	3.44672	
44.75	3.22922	
45	2.98489	
45.25	2.98489	
45.5	2.74097	
45.75	2.0271	
46	3.67712	
46.25	3.67712	
46.5	2.87695	
46.75	2.87695	
47	3.52597	
47.25	3.4212	
47.5	4.3544	
47.75	4.3544	
48	3.92941	
48.25	2.91452	
48.5	1.95764	
48.75	1.95764	
49	1.47162	
49.25	2.21494	
49.5	3.05423	
49.75	1.44272	
50	1.96475	
50.25	1.87173	
50.5	2.08139	
50.75	1.98032	
51	2.74915	
51.25	4.64038	
51.5	4.64038	
51.75	3.0065	
52	2.66046	
52.25	1.53195	
52.5	2.7919	
52.75	4.69269	
53	2.375	
53.25	3.65256	
53.5	2.92462	
53.75	0.488098	
54	2.66721	
54.25	3.61563	
54.5	0.126953	
54.75	3.08078	
55	0.18576	
55.25	0.427429	
55.5	1.50275	
55.75	0.840302	
56	1.07599	
56.25	3.34082	
56.5	1.1507	
56.75	1.03229	
57	0.474121	
57.25	2.81516	
57.5	3.49573	
57.75	0.658691	
58	0.658691	
58.25	1.34943	
58.5	1.82822	
58.75	0.261444	
59	0.881592	
59.25	1.53549	
59.5	0.483337	
59.75	1.01956	
60	1.76556	
60.25	1.76556	
60.5	1.97668	
60.75	0.46106	
61	2.05948	
61.25	1.58127	
61.5	1.9165	
61.75	1.30536	
62	0.512787	
62.25	1.4147	
62.5	1.57181	
62.75	1.44971	
63	0.840851	
63.25	2.31647	
63.5	0.614014	
63.75	0.507233	
64	1.24048	
64.25	0.986664	
64.5	1.54453	
64.75	1.11966	
65	0.572968	
65.25	1.99304	
65.5	2.23108	
65.75	1.49115	
66	2.22156	
66.25	2.00323	
66.5	2.26276	
66.75	2.53598	
67	1.51846	
67.25	2.08398	
67.5	1.67584	
67.75	2.62949	
68	3.0062	
68.25	2.21149	
68.5	2.46585	
68.75	2.46585	
69	2.44226	
69.25	2.9549	
69.5	2.12711	
69.75	2.67062	
70	3.13589	
70.25	2.00558	
70.5	2.81943	
70.75	2.99472	
71	3.40103	
71.25	3.00696	
71.5	3.1908	
71.75	2.01575	
72	3.21918	
72.25	1.35538	
72.5	2.49704	
72.75	3.32852	
73	2.75513	
73.25	3.57986	
73.5	3.0563	
73.75	3.65189	
74	3.96725	
74.25	2.68832	
74.5	3.66797	
74.75	2.9523	
75	3.53552	
75.25	3.65604	
75.5	2.43097	
75.75	3.56668	
76	3.22952	
76.25	3.33594	
76.5	3.19022	
76.75	3.0433	
77	2.8143	
77.25	3.54538	
77.5	2.94736	
77.75	3.10846	
78	3.10846	
78.25	2.10208	
78.5	3.0466	
78.75	3.97015	
79	2.97012	
79.25	4.16614	
79.5	3.22171	
79.75	3.01007	
80	3.66083	
80.25	2.8096	
80.5	3.20404	
80.75	4.15088	
81	3.39697	
81.25	3.10544	
81.5	3.51602	
81.75	3.47958	
82	3.93524	
82.25	3.30457	
82.5	3.83786	
82.75	3.46887	
83	3.65656	
83.25	3.97812	
83.5	4.61713	
83.75	3.68726	
84	4.42139	
84.25	3.78445	
84.5	4.62076	
84.75	4.67685	
85	3.19879	
85.25	5.14413	
85.5	4.50821	
85.75	3.61517	
86	4.36182	
86.25	4.00308	
86.5	4.26563	
86.75	4.69214	
87	3.65002	
87.25	4.97989	
87.5	3.84174	
87.75	3.61032	
88	3.69324	
88.25	4.81024	
88.5	4.26886	
88.75	4.18274	
89	3.79868	
89.25	3.82553	
89.5	4.25742	
89.75	4.81741	
90	4.84134	
90.25	4.84064	
90.5	4.57471	
90.75	4.83432	
91	4.7702	
91.25	4.29486	
91.5	5.53137	
91.75	5.53687	
92	4.82394	
92.25	5.8381	
92.5	4.39005	
92.75	4.99619	
93	5.98386	
93.25	5.15552	
93.5	4.21838	
93.75	5.58081	
94	4.62292	
94.25	5.83737	
94.5	4.88962	
94.75	4.46375	
95	6.06668	
95.25	4.44391	
95.5	5.43762	
95.75	6.14392	
96	4.80396	
96.25	6.05643	
96.5	6.35367	
96.75	6.56531	
97	6.14526	
97.25	4.90646	
97.5	7.02069	
97.75	6.18906	
98	5.88153	
98.25	6.14276	
98.5	5.85815	
98.75	6.89078	
99	6.93979	
99.25	6.53076	
99.5	6.65027	
99.75	7.34906	
100	7.61615	
100.25	7.22733	
100.5	4.91541	
100.75	4.66693	
101	0.497375	
