Frequency - Plot 0	Amplitude - Plot 0	
1	-11.1841	
1.25	-5.82275	
1.5	-6.22925	
1.75	-6.22925	
2	-6.22925	
2.25	-6.75659	
2.5	-6.75659	
2.75	-6.75659	
3	-8.02002	
3.25	-8.40454	
3.5	-9.11865	
3.75	-9.94263	
4	-9.94263	
4.25	-10.3601	
4.5	-10.3601	
4.75	-10.3711	
5	-10.3711	
5.25	-11.9751	
5.5	-12.5244	
5.75	-12.8101	
6	-12.9749	
6.25	-14.2493	
6.5	-14.2493	
6.75	-14.425	
7	-14.9084	
7.25	-14.9084	
7.5	-16.084	
7.75	-16.0291	
8	-16.3037	
8.25	-17.3364	
8.5	-17.8638	
8.75	-18.0725	
9	-17.7539	
9.25	-17.7759	
9.5	-17.3035	
9.75	-17.3035	
10	-18.2153	
10.25	-18.8635	
10.5	-19.6765	
10.75	-21.1377	
11	-21.698	
11.25	-21.8848	
11.5	-21.8848	
11.75	-23.5876	
12	-25.4553	
12.25	-25.6311	
12.5	-25.6311	
12.75	-25.3125	
13	-26.7847	
13.25	-28.4106	
13.5	-27.5977	
13.75	-27.356	
14	-27.356	
14.25	-23.2251	
14.5	-22.9944	
14.75	-22.0935	
15	-21.6321	
15.25	-20.7092	
15.5	-20.116	
15.75	-21.0168	
16	-22.3792	
16.25	-22.2034	
16.5	-22.6208	
16.75	-22.5549	
17	-29.1577	
17.25	-29.1577	
17.5	-29.1577	
17.75	-35.8264	
18	-35.8264	
18.25	-35.8264	
18.5	-43.0005	
18.75	-46.4392	
19	-66.4453	
19.25	-82.4963	
19.5	-83.0017	
19.75	-83.0017	
20	-83.3203	
20.25	-86.0559	
20.5	-89.2859	
20.75	-91.626	
21	-91.626	
21.25	-93.175	
21.5	-93.252	
21.75	-93.252	
22	-94.8889	
22.25	-101.305	
22.5	-101.305	
22.75	-102.305	
23	-111.423	
23.25	-111.423	
23.5	-118.059	
23.75	-118.531	
24	-119.421	
24.25	-116.565	
24.5	-115.851	
24.75	-113.049	
25	-117.334	
25.25	-115.203	
25.5	-95.3723	
25.75	-89.0662	
26	-91.4612	
26.25	-91.3513	
26.5	-106.941	
26.75	-107.908	
27	-107.908	
27.25	-112.335	
27.5	-120.52	
27.75	-118.806	
28	-115.807	
28.25	-113.687	
28.5	-118.279	
28.75	-121.223	
29	-121.223	
29.25	-115.785	
29.5	-115.785	
29.75	-120.125	
30	-120.125	
30.25	-119.279	
30.5	-120.784	
30.75	-110.929	
31	-121.75	
31.25	-115.378	
31.5	-120.597	
31.75	-122.19	
32	-112.522	
32.25	-111.764	
32.5	-104.348	
32.75	-110.72	
33	-107.754	
33.25	-106.007	
33.5	-105.897	
33.75	-112.072	
34	-112.072	
34.25	-97.7673	
34.5	-108.073	
34.75	-108.073	
35	-98.6353	
35.25	-84.9023	
35.5	-81.5515	
35.75	-74.8389	
36	-76.7615	
36.25	-75.0366	
36.5	-79.6069	
36.75	-79.6069	
37	-87.7588	
37.25	-91.0327	
37.5	-85.0122	
37.75	-87.4841	
38	-85.9351	
38.25	-91.7139	
38.5	-97.3718	
38.75	-99.4482	
39	-109.885	
39.25	-109.413	
39.5	-106.084	
39.75	-109.039	
40	-100.624	
40.25	-103.173	
40.5	-104.348	
40.75	-104.348	
41	-121.707	
41.25	-121.707	
41.5	-112.632	
41.75	-112.632	
42	-134.956	
42.25	-124.75	
42.5	-111.72	
42.75	-139.065	
43	-42.4072	
43.25	-79.574	
43.5	-154.369	
43.75	-138.164	
44	-138.164	
44.25	-72.9602	
44.5	-122.662	
44.75	-121.454	
45	-125.134	
45.25	-125.134	
45.5	-126.365	
45.75	-130.419	
46	-117.455	
46.25	-117.455	
46.5	-133.583	
46.75	-133.583	
47	-132.33	
47.25	-130.902	
47.5	-130.968	
47.75	-130.968	
48	-131.144	
48.25	-148.469	
48.5	-147.997	
48.75	-147.997	
49	-126.321	
49.25	-142.449	
49.5	-143.229	
49.75	-144.316	
50	-144.811	
50.25	-116.51	
50.5	-128.639	
50.75	-127.881	
51	-139.241	
51.25	-124.486	
51.5	-124.486	
51.75	-153.655	
52	-148.458	
52.25	159.291	
52.5	-99.2834	
52.75	149.183	
53	-145.778	
53.25	-175.342	
53.5	-76.9482	
53.75	-86.0669	
54	-40.8472	
54.25	178.055	
54.5	-90.9119	
54.75	-170.068	
55	-132.594	
55.25	41.4624	
55.5	-102.03	
55.75	110.742	
56	-40.9021	
56.25	35.6177	
56.5	83.3862	
56.75	1.29639	
57	0.834961	
57.25	130.166	
57.5	17.4023	
57.75	-125.233	
58	-125.233	
58.25	-18.6987	
58.5	-32.4866	
58.75	-75.5859	
59	-10.3821	
59.25	99.624	
59.5	21.1487	
59.75	-42.1106	
60	-91.9666	
60.25	-91.9666	
60.5	34.6289	
60.75	-111.599	
61	-46.7029	
61.25	-40.0562	
61.5	-21.2915	
61.75	-11.9971	
62	-55.1074	
62.25	-26.8066	
62.5	-16.6663	
62.75	-27.0044	
63	-68.6206	
63.25	-17.9077	
63.5	-61.4465	
63.75	-16.1719	
64	-69.7083	
64.25	-19.8413	
64.5	-0.549316	
64.75	0.461426	
65	-36.98	
65.25	-15.4797	
65.5	-18.8745	
65.75	-32.4646	
66	-31.6736	
66.25	-18.7756	
66.5	-23.2141	
66.75	-33.5083	
67	-17.8528	
67.25	-37.749	
67.5	1.16455	
67.75	-30.0037	
68	-35.8264	
68.25	-15.9302	
68.5	-32.948	
68.75	-32.948	
69	-44.8682	
69.25	-27.5427	
69.5	-14.7546	
69.75	-33.1897	
70	-13.5352	
70.25	-11.7993	
70.5	-45.1538	
70.75	-11.7664	
71	-13.8208	
71.25	-18.7756	
71.5	-10.2832	
71.75	-30.8276	
72	-61.051	
72.25	-24.7961	
72.5	-11.5027	
72.75	-36.2329	
73	-20.3027	
73.25	-41.3855	
73.5	-43.3301	
73.75	-37.0569	
74	-0.131836	
74.25	-44.8572	
74.5	-7.42676	
74.75	-51.0864	
75	-39.5508	
75.25	-41.9897	
75.5	-18.9954	
75.75	-31.8274	
76	-30.0037	
76.25	-30.1355	
76.5	-32.8931	
76.75	-33.5303	
77	-54.8877	
77.25	-28.4985	
77.5	-24.0491	
77.75	-22.0825	
78	-22.0825	
78.25	-25.6641	
78.5	-24.5984	
78.75	-26.1035	
79	-51.3171	
79.25	-22.4341	
79.5	-35.8484	
79.75	-46.3513	
80	-40.2429	
80.25	-43.3411	
80.5	-21.2585	
80.75	-37.8259	
81	-18.3472	
81.25	-40.8252	
81.5	-40.8911	
81.75	-41.3635	
82	-36.6504	
82.25	-36.3757	
82.5	-33.3545	
82.75	-27.334	
83	-32.0032	
83.25	-34.0247	
83.5	-41.6821	
83.75	-24.917	
84	-28.0591	
84.25	-39.0454	
84.5	-30.1465	
84.75	-27.334	
85	-31.1023	
85.25	-30.8057	
85.5	-31.5417	
85.75	-38.8257	
86	-29.6191	
86.25	-25.9167	
86.5	-24.071	
86.75	-21.731	
87	-21.8188	
87.25	-42.5281	
87.5	-26.4221	
87.75	-33.1348	
88	-39.1992	
88.25	-42.5391	
88.5	-33.9258	
88.75	-49.0979	
89	-41.4294	
89.25	-36.4636	
89.5	-32.7063	
89.75	-41.2207	
90	-43.5168	
90.25	-36.969	
90.5	-38.4082	
90.75	-39.5728	
91	-37.5842	
91.25	-35.8044	
91.5	-41.6162	
91.75	-41.781	
92	-47.2412	
92.25	-45.5603	
92.5	-39.8694	
92.75	-55.3821	
93	-39.7266	
93.25	-53.7671	
93.5	-38.9685	
93.75	-37.4194	
94	-52.7454	
94.25	-44.9561	
94.5	-41.9458	
94.75	-55.3931	
95	-40.5505	
95.25	-52.1631	
95.5	-39.0784	
95.75	-48.8782	
96	-48.7354	
96.25	-56.9751	
96.5	-52.998	
96.75	-55.4919	
97	-49.2847	
97.25	-53.9868	
97.5	-53.7671	
97.75	-47.2632	
98	-54.5251	
98.25	-60.0623	
98.5	-61.4355	
98.75	-56.7004	
99	-61.6663	
99.25	-66.5112	
99.5	-64.8853	
99.75	-67.3242	
100	-70.2246	
100.25	-83.6719	
100.5	-114.412	
100.75	-121.113	
101	-42.9785	
