Frequency - Plot 0	Amplitude - Plot 0	
1	-3.48267	
1.25	-6.17432	
1.5	-6.17432	
1.75	-6.20728	
2	-6.20728	
2.25	-6.20728	
2.5	-6.81152	
2.75	-7.84424	
3	-7.84424	
3.25	-8.62427	
3.5	-8.73413	
3.75	-8.81104	
4	-8.81104	
4.25	-8.81104	
4.5	-8.81104	
4.75	-8.81104	
5	-9.76685	
5.25	-9.76685	
5.5	-11.7444	
5.75	-13.4912	
6	-13.4912	
6.25	-13.9417	
6.5	-13.9417	
6.75	-13.7219	
7	-14.7766	
7.25	-15.8752	
7.5	-15.8752	
7.75	-15.26	
8	-15.26	
8.25	-15.26	
8.5	-17.1057	
8.75	-17.1057	
9	-17.2595	
9.25	-17.2595	
9.5	-17.2595	
9.75	-17.2595	
10	-20.8521	
10.25	-20.9509	
10.5	-20.9509	
10.75	-20.9509	
11	-21.3354	
11.25	-21.2915	
11.5	-23.9392	
11.75	-25.8508	
12	-24.4885	
12.25	-24.4116	
12.5	-23.5547	
12.75	-23.313	
13	-23.6426	
13.25	-23.1152	
13.5	-23.0493	
13.75	-23.291	
14	-24.6423	
14.25	-25.8179	
14.5	-24.7302	
14.75	-22.3792	
15	-21.0718	
15.25	-21.0718	
15.5	-22.5769	
15.75	-30.4651	
16	-30.0476	
16.25	-31.0913	
16.5	-32.8821	
16.75	-36.7383	
17	-36.7383	
17.25	-39.2432	
17.5	-40.2649	
17.75	-41.5503	
18	-41.1768	
18.25	-41.1768	
18.5	-41.9348	
18.75	-40.5725	
19	-41.3525	
19.25	-41.3525	
19.5	-44.2639	
19.75	-46.0327	
20	-45.2527	
20.25	-45.769	
20.5	-46.8018	
20.75	-48.6255	
21	-48.6255	
21.25	-52.4707	
21.5	-52.5586	
21.75	-52.5586	
22	-53.009	
22.25	-53.009	
22.5	-56.0303	
22.75	-63.9404	
23	-67.6318	
23.25	-70.1257	
23.5	-72.8723	
23.75	-74.2896	
24	-73.9709	
24.25	-73.9709	
24.5	-75.7617	
24.75	-73.3228	
25	-74.751	
25.25	-80.5298	
25.5	-80.2881	
25.75	-79.9036	
26	-79.9036	
26.25	-78.9038	
26.5	-78.9038	
26.75	-73.1689	
27	-68.8513	
27.25	-65.6653	
27.5	-70.2136	
27.75	-73.3557	
28	-81.0681	
28.25	-91.593	
28.5	-88.5278	
28.75	-105.084	
29	-104.084	
29.25	-101.052	
29.5	-104.008	
29.75	-94.9988	
30	-94.9988	
30.25	-89.0771	
30.5	-71.7737	
30.75	-88.6047	
31	-74.9377	
31.25	-68.5876	
31.5	-58.3154	
31.75	-69.104	
32	-66.8628	
32.25	-66.6211	
32.5	-64.8413	
32.75	-57.7112	
33	-63.3472	
33.25	-63.7097	
33.5	-64.6985	
33.75	-48.6365	
34	-59.1614	
34.25	-56.0632	
34.5	-55.0525	
34.75	-42.7258	
35	-49.1638	
35.25	-49.1638	
35.5	-47.7905	
35.75	-57.019	
36	-44.7693	
36.25	-47.5708	
36.5	-42.2974	
36.75	-44.6484	
37	-56.5247	
37.25	-70.9497	
37.5	-59.9963	
37.75	-78.6731	
38	-94.4055	
38.25	-83.7488	
38.5	-81.4636	
38.75	-81.4636	
39	-80.354	
39.25	-81.7712	
39.5	-78.8599	
39.75	-79.1895	
40	-84.0344	
40.25	-88.5278	
40.5	-93.0762	
40.75	-90.1868	
41	-90.033	
41.25	-91.8457	
41.5	-97.0532	
41.75	-100.997	
42	-100.997	
42.25	-100.789	
42.5	-92.3071	
42.75	-99.3823	
43	-91.9226	
43.25	-91.9226	
43.5	-84.2322	
43.75	-81.5295	
44	-85.8582	
44.25	-79.53	
44.5	-75.5969	
44.75	-82.1667	
45	-75.4321	
45.25	-83.9575	
45.5	-90.2417	
45.75	-99.7888	
46	-101.349	
46.25	-102.118	
46.5	-99.7888	
46.75	-112.313	
47	-113.621	
47.25	-115.071	
47.5	-112.335	
47.75	-126.123	
48	-126.123	
48.25	-102.437	
48.5	-101.393	
48.75	-86.6602	
49	-98.3386	
49.25	-89.9011	
49.5	-85.5286	
49.75	-82.4854	
50	-129.847	
50.25	-127.859	
50.5	-102.338	
50.75	-87.3743	
51	-94.7021	
51.25	-73.4875	
51.5	-101.525	
51.75	-93.5706	
52	-93.5706	
52.25	-107.655	
52.5	-101.975	
52.75	-85.7153	
53	-85.8252	
53.25	-115.005	
53.5	-76.6296	
53.75	-94.3506	
54	-79.7827	
54.25	-82.9248	
54.5	-80.387	
54.75	-35.7385	
55	-63.0066	
55.25	-77.97	
55.5	-89.7363	
55.75	-95.2844	
56	-143.108	
56.25	-143.108	
56.5	-38.3643	
56.75	-129.661	
57	-70.2246	
57.25	-33.2776	
57.5	-64.0942	
57.75	-63.7537	
58	-69.895	
58.25	-59.6228	
58.5	-95.5481	
58.75	-102.667	
59	-53.064	
59.25	-59.8865	
59.5	-59.8865	
59.75	-104.854	
60	-167.058	
60.25	-89.4287	
60.5	-46.593	
60.75	-7.51465	
61	-70.3235	
61.25	-70.3235	
61.5	-121.025	
61.75	-89.8462	
62	-63.9185	
62.25	-9.9646	
62.5	-92.8784	
62.75	-68.1372	
63	99.0308	
63.25	-87.9456	
63.5	-62.8528	
63.75	-64.1382	
64	-101.228	
64.25	-23.8623	
64.5	-110.468	
64.75	-40.8472	
65	-129.32	
65.25	36.2878	
65.5	-95.9216	
65.75	-79.3433	
66	-23.0054	
66.25	6.99829	
66.5	6.99829	
66.75	-78.739	
67	-94.4275	
67.25	-28.7073	
67.5	3.38379	
67.75	155.325	
68	-66.5222	
68.25	140.032	
68.5	36.3098	
68.75	-117.268	
69	33.2446	
69.25	-84.0894	
69.5	-85.8252	
69.75	-85.8252	
70	-51.2292	
70.25	-100.184	
70.5	-56.7773	
70.75	-39.386	
71	-15.2271	
71.25	-7.26196	
71.5	-8.09692	
71.75	-22.6428	
72	-23.6206	
72.25	-31.6406	
72.5	-13.5242	
72.75	-15.0403	
73	-35.7166	
73.25	1.32935	
73.5	-57.4695	
73.75	-41.4185	
74	-50.6689	
74.25	-49.4714	
74.5	-28.3887	
74.75	-35.7275	
75	-25.4553	
75.25	-27.5208	
75.5	-20.2258	
75.75	-45.0549	
76	-32.948	
76.25	-39.8584	
76.5	-44.1211	
76.75	-36.991	
77	-30.3992	
77.25	-52.4377	
77.5	-58.9636	
77.75	-35.9692	
78	-53.833	
78.25	-42.3962	
78.5	-56.0632	
78.75	-37.1448	
79	-41.4514	
79.25	-45.2527	
79.5	-49.1968	
79.75	-43.6377	
80	-54.646	
80.25	-66.6321	
80.5	-60.3918	
80.75	-56.272	
81	-52.8223	
81.25	-74.8938	
81.5	-95.9656	
81.75	-107.644	
82	-103.151	
82.25	-106.293	
82.5	-91.615	
82.75	-90.9668	
83	-75.6738	
83.25	-93.5376	
83.5	-78.1787	
83.75	-78.1458	
84	-81.5845	
84.25	-78.4973	
84.5	-127.76	
84.75	-123.025	
85	-103.986	
85.25	-117.257	
85.5	-104.425	
85.75	-92.2961	
86	-99.8437	
86.25	-107.358	
86.5	-59.3152	
86.75	-81.7712	
87	-82.3975	
87.25	-88.9783	
87.5	-43.7256	
87.75	-64.6216	
88	-79.9695	
88.25	-104.963	
88.5	-73.8171	
88.75	-60.6226	
89	-75.498	
89.25	-86.4844	
89.5	-86.8689	
89.75	-79.0356	
90	-44.7144	
90.25	-77.157	
90.5	-64.1162	
90.75	-90.1428	
91	-65.4675	
91.25	-87.2754	
91.5	-89.176	
91.75	-88.6487	
92	-93.175	
92.25	-85.2869	
92.5	-93.1641	
92.75	-112.566	
93	-72.6746	
93.25	-111.918	
93.5	-127.661	
93.75	-97.1191	
94	-73.7402	
94.25	-121.75	
94.5	-92.9883	
94.75	-92.1313	
95	-123.992	
95.25	-129.43	
95.5	-96.1963	
95.75	-131.045	
96	-99.9097	
96.25	-116.565	
96.5	-107.051	
96.75	-103.48	
97	-129.518	
97.25	-104.766	
97.5	-107.798	
97.75	-76.355	
98	-83.9355	
98.25	-83.9575	
98.5	-93.2849	
98.75	-91.2634	
99	-105.458	
99.25	-82.1008	
99.5	-108.699	
99.75	-88.1653	
100	-87.8687	
100.25	-108.094	
100.5	-83.1555	
100.75	-81.7712	
101	3.12012	
