Frequency - Plot 0	Amplitude - Plot 0	
1	-33.6951	
1.25	-23.7305	
1.5	-25.752	
1.75	-27.3999	
2	-27.3999	
2.25	-27.3999	
2.5	-27.4768	
2.75	-26.5979	
3	-26.5979	
3.25	-26.2903	
3.5	-26.3782	
3.75	-26.3782	
4	-26.8835	
4.25	-27.4329	
4.5	-27.4329	
4.75	-28.2239	
5	-28.2239	
5.25	-28.3447	
5.5	-28.927	
5.75	-28.927	
6	-28.905	
6.25	-29.3005	
6.5	-29.696	
6.75	-29.8389	
7	-29.8389	
7.25	-30.6189	
7.5	-31.3879	
7.75	-31.3879	
8	-31.2671	
8.25	-32.6733	
8.5	-32.6733	
8.75	-33.3984	
9	-33.6731	
9.25	-33.9368	
9.5	-34.6948	
9.75	-34.9805	
10	-34.9805	
10.25	-34.9036	
10.5	-36.3098	
10.75	-36.6724	
11	-36.6724	
11.25	-37.6721	
11.5	-37.6721	
11.75	-38.0786	
12	-39.1992	
12.25	-39.1992	
12.5	-40.4187	
12.75	-40.6055	
13	-40.4187	
13.25	-39.6277	
13.5	-42.6709	
13.75	-42.4512	
14	-42.4512	
14.25	-44.2859	
14.5	-45.022	
14.75	-46.3184	
15	-46.2305	
15.25	-45.6702	
15.5	-45.9119	
15.75	-45.9119	
16	-45.9119	
16.25	-46.8347	
16.5	-46.7688	
16.75	-48.6914	
17	-50.9766	
17.25	-49.4385	
17.5	-49.1089	
17.75	-49.801	
18	-50.1746	
18.25	-49.2737	
18.5	-51.9324	
18.75	-51.9324	
19	-52.7563	
19.25	-56.0193	
19.5	-55.5798	
19.75	-55.5798	
20	-54.4592	
20.25	-54.4592	
20.5	-54.4592	
20.75	-58.3813	
21	-59.0735	
21.25	-60.9082	
21.5	-62.0068	
21.75	-66.731	
22	-74.4983	
22.25	-75.8606	
22.5	-75.8606	
22.75	-76.9812	
23	-75.6189	
23.25	-78.5632	
23.5	-78.5632	
23.75	-79.9695	
24	-84.2981	
24.25	-81.7932	
24.5	-81.2988	
24.75	-83.573	
25	-89.9121	
25.25	-89.9121	
25.5	-90.2527	
25.75	-95.8228	
26	-95.3613	
26.25	-95.3613	
26.5	-94.9768	
26.75	-96.4709	
27	-92.406	
27.25	-99.0088	
27.5	-97.3279	
27.75	-99.3823	
28	-99.3823	
28.25	-98.9978	
28.5	-97.5696	
28.75	-97.0862	
29	-100.756	
29.25	-99.5801	
29.5	-94.7461	
29.75	-102.909	
30	-102.909	
30.25	-98.1079	
30.5	-99.7229	
30.75	-95.7788	
31	-98.5913	
31.25	-97.5037	
31.5	-96.2842	
31.75	-94.4495	
32	-100.437	
32.25	-99.2505	
32.5	-98.7012	
32.75	-98.7012	
33	-98.3606	
33.25	-97.5256	
33.5	-97.5256	
33.75	-93.8342	
34	-103.766	
34.25	-104.304	
34.5	-101.393	
34.75	-101.393	
35	-108.798	
35.25	-112.906	
35.5	-113.434	
35.75	-113.434	
36	-121.575	
36.25	-116.565	
36.5	-116.785	
36.75	-127.408	
37	-124.069	
37.25	-126.749	
37.5	-131.375	
37.75	-128.881	
38	-133.506	
38.25	-134.176	
38.5	-139.153	
38.75	-138.933	
39	-142.723	
39.25	-142.251	
39.5	-142.251	
39.75	-141.086	
40	-140.262	
40.25	-151.82	
40.5	-147.338	
40.75	-145.184	
41	-145.184	
41.25	-159.225	
41.5	-129.957	
41.75	-148.107	
42	-133.682	
42.25	-135.461	
42.5	-148.777	
42.75	-131.012	
43	-131.012	
43.25	-145.69	
43.5	-145.69	
43.75	-146.887	
44	-159.928	
44.25	-159.928	
44.5	159.708	
44.75	159.708	
45	166.97	
45.25	-146.129	
45.5	-146.129	
45.75	-100.986	
46	136.307	
46.25	-142.745	
46.5	-142.745	
46.75	-142.745	
47	-162.927	
47.25	-162.927	
47.5	-133.89	
47.75	-143.427	
48	-70.5872	
48.25	-131.649	
48.5	127.683	
48.75	-158.829	
49	117.806	
49.25	92.6697	
49.5	-134.659	
49.75	-142.306	
50	17.699	
50.25	17.699	
50.5	-116.104	
50.75	-170.134	
51	155.182	
51.25	45.3735	
51.5	-36.2109	
51.75	-148.392	
52	-152.369	
52.25	-83.4521	
52.5	-150.436	
52.75	-33.9148	
53	-60.9082	
53.25	79.1345	
53.5	172.222	
53.75	-87.1545	
54	-99.1406	
54.25	-65.5884	
54.5	124.816	
54.75	81.2329	
55	-111.522	
55.25	41.2097	
55.5	-83.1665	
55.75	-63.8525	
56	-72.6636	
56.25	-72.6636	
56.5	49.7681	
56.75	102.469	
57	102.469	
57.25	-105.985	
57.5	-133.583	
57.75	-163.499	
58	86.4954	
58.25	145.404	
58.5	-86.6602	
58.75	29.9927	
59	157.137	
59.25	-123.486	
59.5	37.1118	
59.75	48.8782	
60	-52.5806	
60.25	76.7395	
60.5	-28.136	
60.75	-110.094	
61	-20.094	
61.25	-20.094	
61.5	-60.5237	
61.75	-60.5237	
62	-3.19702	
62.25	44.4177	
62.5	-95.0757	
62.75	-62.5012	
63	-10.9204	
63.25	-10.8435	
63.5	52.5366	
63.75	-36.947	
64	-5.16357	
64.25	-123.124	
64.5	-21.8848	
64.75	-21.8848	
65	33.2666	
65.25	-50.4932	
65.5	80.6616	
65.75	-24.5984	
66	84.4519	
66.25	151.436	
66.5	-98.9758	
66.75	-121.421	
67	4.18579	
67.25	-3.09814	
67.5	49.0869	
67.75	4.57031	
68	-51.7126	
68.25	-37.4414	
68.5	-46.2854	
68.75	-46.2854	
69	17.7319	
69.25	4.5813	
69.5	-10.5908	
69.75	5.15259	
70	19.0942	
70.25	-5.76782	
70.5	-22.6318	
70.75	15.3699	
71	-8.40454	
71.25	13.5681	
71.5	12.3816	
71.75	-0.812988	
72	-30.9045	
72.25	-26.3562	
72.5	-23.313	
72.75	26.5759	
73	-15.0952	
73.25	22.9834	
73.5	22.9834	
73.75	16.3477	
74	-3.74634	
74.25	-14.0076	
74.5	-1.79077	
74.75	-7.36084	
75	23.6206	
75.25	-14.3701	
75.5	-5.87769	
75.75	-9.61304	
76	-0.53833	
76.25	-21.8079	
76.5	-10.3931	
76.75	-15.0623	
77	-2.26318	
77.25	-18.0615	
77.5	6.29517	
77.75	-22.7307	
78	-25.2466	
78.25	-22.5549	
78.5	-7.74536	
78.75	-19.9292	
79	-40.7483	
79.25	-16.2268	
79.5	-9.9646	
79.75	-0.274658	
80	4.1748	
80.25	0.615234	
80.5	-31.8604	
80.75	-8.45947	
81	-8.9209	
81.25	-0.856934	
81.5	2.0874	
81.75	-18.9514	
82	-24.071	
82.25	-24.7522	
82.5	-26.543	
82.75	-10.0085	
83	-8.15186	
83.25	-10.1953	
83.5	-29.3994	
83.75	-14.2383	
84	-18.7537	
84.25	-12.3816	
84.5	-17.4133	
84.75	-22.5879	
85	-22.2473	
85.25	-10.6238	
85.5	-3.82324	
85.75	-26.0046	
86	-10.5469	
86.25	-34.1895	
86.5	-11.6345	
86.75	-21.6541	
87	-7.94312	
87.25	-2.86743	
87.5	-8.38257	
87.75	-18.9734	
88	3.7793	
88.25	-28.8171	
88.5	-20.4785	
88.75	6.82251	
89	-1.35132	
89.25	-5.97656	
89.5	-3.80127	
89.75	-11.6895	
90	-4.81201	
90.25	-13.2605	
90.5	-15.6885	
90.75	-11.1401	
91	-14.9304	
91.25	-17.0508	
91.5	-19.7314	
91.75	-17.6221	
92	-5.75684	
92.25	-19.0063	
92.5	-18.3801	
92.75	-23.1921	
93	-18.8086	
93.25	-19.1492	
93.5	-21.3574	
93.75	-22.5989	
94	-14.436	
94.25	-23.7854	
94.5	-3.74634	
94.75	-9.19556	
95	-21.4233	
95.25	-27.1143	
95.5	-24.9609	
95.75	-24.071	
96	-7.33887	
96.25	-31.0474	
96.5	-32.8491	
96.75	-14.5789	
97	-13.1726	
97.25	-21.5552	
97.5	-13.0957	
97.75	-22.5879	
98	-17.1936	
98.25	-14.6338	
98.5	-21.8298	
98.75	-30.8386	
99	-17.699	
99.25	-24.9609	
99.5	-16.9629	
99.75	-20.929	
100	-23.2471	
100.25	-28.4985	
100.5	-24.137	
100.75	-24.137	
101	-91.0547	
