Frequency - Plot 0	Amplitude - Plot 0	
1	2.32373	
1.25	7.60989	
1.5	7.00293	
1.75	6.57199	
2	6.57199	
2.25	6.57199	
2.5	7.20105	
2.75	7.49982	
3	7.49982	
3.25	7.46957	
3.5	7.62463	
3.75	7.62463	
4	7.62137	
4.25	7.83472	
4.5	7.83472	
4.75	7.88428	
5	7.88428	
5.25	7.8194	
5.5	7.73096	
5.75	7.73096	
6	7.73636	
6.25	7.70172	
6.5	7.62979	
6.75	7.91678	
7	7.91678	
7.25	7.98874	
7.5	8.16751	
7.75	8.48923	
8	8.64838	
8.25	8.77475	
8.5	8.77475	
8.75	8.9545	
9	9.03619	
9.25	9.18884	
9.5	9.4133	
9.75	9.54138	
10	9.54138	
10.25	9.60629	
10.5	9.94992	
10.75	9.91299	
11	9.91299	
11.25	10.3375	
11.5	10.3375	
11.75	10.3765	
12	10.5527	
12.25	10.5527	
12.5	10.6035	
12.75	10.7339	
13	10.7665	
13.25	10.6467	
13.5	10.9633	
13.75	10.6434	
14	10.6434	
14.25	10.7358	
14.5	11.0113	
14.75	11.2921	
15	11.4522	
15.25	11.4193	
15.5	11.2847	
15.75	11.2847	
16	11.2847	
16.25	11.0586	
16.5	10.8008	
16.75	10.6605	
17	10.7457	
17.25	11.2753	
17.5	10.9773	
17.75	10.9595	
18	11.0163	
18.25	10.9088	
18.5	10.7516	
18.75	10.7516	
19	10.3677	
19.25	10.5444	
19.5	11.1711	
19.75	11.1711	
20	11.0443	
20.25	11.0443	
20.5	11.0443	
20.75	11.3574	
21	11.7402	
21.25	11.4181	
21.5	11.0779	
21.75	10.8763	
22	11.1547	
22.25	11.3997	
22.5	11.3997	
22.75	11.1607	
23	10.9716	
23.25	10.343	
23.5	10.343	
23.75	10.115	
24	9.80865	
24.25	10.2706	
24.5	10.5465	
24.75	11.2049	
25	10.8503	
25.25	10.8503	
25.5	10.3618	
25.75	10.0833	
26	10.8672	
26.25	10.8672	
26.5	10.6329	
26.75	9.83395	
27	9.65518	
27.25	9.16931	
27.5	9.58389	
27.75	9.27457	
28	9.27457	
28.25	9.12119	
28.5	8.84232	
28.75	8.17093	
29	8.37329	
29.25	8.72571	
29.5	8.74081	
29.75	7.81516	
30	7.81516	
30.25	8.4678	
30.5	8.55579	
30.75	7.63971	
31	7.49628	
31.25	7.41061	
31.5	8.0394	
31.75	7.2532	
32	7.20065	
32.25	7.01886	
32.5	7.12524	
32.75	7.12524	
33	7.29358	
33.25	7.09515	
33.5	7.09515	
33.75	5.53571	
34	5.79681	
34.25	6.22321	
34.5	6.52429	
34.75	6.52429	
35	5.66364	
35.25	6.19531	
35.5	6.27386	
35.75	6.27386	
36	6.58014	
36.25	6.1582	
36.5	5.74857	
36.75	5.64218	
37	5.88492	
37.25	4.99121	
37.5	5.72025	
37.75	5.82959	
38	5.27591	
38.25	4.95697	
38.5	5.9895	
38.75	5.47327	
39	4.37897	
39.25	5.06546	
39.5	5.06546	
39.75	4.8772	
40	4.44666	
40.25	3.95557	
40.5	3.68802	
40.75	4.11386	
41	4.11386	
41.25	3.68152	
41.5	4.11649	
41.75	3.61194	
42	2.86798	
42.25	2.35236	
42.5	3.01517	
42.75	2.19357	
43	2.19357	
43.25	2.9552	
43.5	2.9552	
43.75	3.53323	
44	3.36859	
44.25	3.36859	
44.5	2.00961	
44.75	2.00961	
45	1.98663	
45.25	2.5661	
45.5	2.5661	
45.75	2.54675	
46	1.32187	
46.25	1.40439	
46.5	1.40439	
46.75	1.40439	
47	3.0473	
47.25	3.0473	
47.5	1.19684	
47.75	2.28738	
48	1.5737	
48.25	2.45837	
48.5	4.09409	
48.75	4.99619	
49	3.0791	
49.25	3.36005	
49.5	1.41278	
49.75	0.875977	
50	1.99875	
50.25	1.99875	
50.5	0.449066	
50.75	0.86554	
51	2.18292	
51.25	1.34122	
51.5	4.17776	
51.75	1.97946	
52	0.607117	
52.25	0.33493	
52.5	0.437958	
52.75	0.664124	
53	0.929382	
53.25	0.283112	
53.5	0.775848	
53.75	0.530029	
54	1.60236	
54.25	0.979706	
54.5	0.714813	
54.75	1.38336	
55	2.58978	
55.25	0.230621	
55.5	0.659119	
55.75	1.46265	
56	0.670105	
56.25	0.670105	
56.5	1.50363	
56.75	1.27863	
57	1.27863	
57.25	1.02466	
57.5	1.73569	
57.75	0.954315	
58	1.15009	
58.25	2.13086	
58.5	3.18561	
58.75	4.87042	
59	2.36026	
59.25	0.940826	
59.5	5.60938	
59.75	5.20978	
60	3.61264	
60.25	2.50037	
60.5	5.23596	
60.75	2.32584	
61	4.36743	
61.25	4.36743	
61.5	2.09607	
61.75	2.09607	
62	5.4541	
62.25	3.3266	
62.5	3.85776	
62.75	5.11224	
63	3.02432	
63.25	3.86624	
63.5	3.11115	
63.75	4.43619	
64	4.53326	
64.25	1.18817	
64.5	4.79382	
64.75	4.79382	
65	0.83609	
65.25	4.72256	
65.5	0.681488	
65.75	4.54929	
66	3.53223	
66.25	2.61166	
66.5	1.58023	
66.75	3.4621	
67	5.11679	
67.25	0.645691	
67.5	5.23141	
67.75	5.10291	
68	1.25641	
68.25	1.87033	
68.5	1.44217	
68.75	1.44217	
69	1.56259	
69.25	1.77817	
69.5	2.30035	
69.75	1.67752	
70	1.62717	
70.25	2.23972	
70.5	1.41309	
70.75	2.42468	
71	1.5744	
71.25	1.74478	
71.5	1.54251	
71.75	1.77164	
72	1.31393	
72.25	2.28787	
72.5	2.06586	
72.75	2.82434	
73	3.30112	
73.25	2.16788	
73.5	2.16788	
73.75	1.81189	
74	2.38635	
74.25	3.19568	
74.5	1.88403	
74.75	3.39771	
75	2.23328	
75.25	2.01779	
75.5	3.06006	
75.75	2.63821	
76	2.28815	
76.25	1.84186	
76.5	2.76068	
76.75	2.55704	
77	3.27039	
77.25	2.56705	
77.5	2.57098	
77.75	2.20041	
78	2.47018	
78.25	2.81299	
78.5	2.99774	
78.75	3.61899	
79	1.21936	
79.25	3.13623	
79.5	2.03204	
79.75	2.02008	
80	1.68549	
80.25	2.61923	
80.5	2.8938	
80.75	1.31076	
81	2.82431	
81.25	2.22504	
81.5	1.75616	
81.75	2.54379	
82	2.2579	
82.25	1.59451	
82.5	2.4884	
82.75	2.50311	
83	1.88995	
83.25	2.56448	
83.5	2.47711	
83.75	2.7012	
84	2.10788	
84.25	3.31964	
84.5	2.01215	
84.75	1.95566	
85	3.50668	
85.25	1.77945	
85.5	1.8569	
85.75	3.64133	
86	1.95319	
86.25	2.13467	
86.5	2.1243	
86.75	3.54733	
87	3.34241	
87.25	2.53799	
87.5	2.60028	
87.75	1.82266	
88	3.6521	
88.25	2.5502	
88.5	3.16965	
88.75	3.12866	
89	2.78015	
89.25	2.49222	
89.5	3.44391	
89.75	3.16177	
90	2.53299	
90.25	3.21997	
90.5	3.00964	
90.75	3.22864	
91	2.8606	
91.25	3.49313	
91.5	3.49899	
91.75	2.88443	
92	2.66354	
92.25	4.33951	
92.5	2.3508	
92.75	2.56339	
93	3.96472	
93.25	4.17307	
93.5	3.44418	
93.75	2.70145	
94	3.08008	
94.25	4.11313	
94.5	3.46097	
94.75	2.78897	
95	4.69156	
95.25	3.76758	
95.5	2.52432	
95.75	4.01938	
96	3.42899	
96.25	2.92368	
96.5	3.28293	
96.75	3.17578	
97	3.5065	
97.25	3.88858	
97.5	3.01407	
97.75	4.05002	
98	3.65973	
98.25	3.37247	
98.5	3.56589	
98.75	3.37619	
99	2.88739	
99.25	3.49106	
99.5	3.26389	
99.75	3.18118	
100	2.97653	
100.25	3.38217	
100.5	3.10605	
100.75	3.10605	
101	0.391357	
