Frequency - Plot 0	Amplitude - Plot 0	
1	1.69427	
1.25	0.865265	
1.5	1.05374	
1.75	0.812012	
2	0.890472	
2.25	0.890472	
2.5	0.890472	
2.75	0.962219	
3	0.962219	
3.25	1.02017	
3.5	1.04169	
3.75	1.10086	
4	1.17221	
4.25	1.17221	
4.5	1.17221	
4.75	1.17221	
5	1.20135	
5.25	1.31137	
5.5	1.24957	
5.75	1.24957	
6	1.42953	
6.25	1.38907	
6.5	1.63681	
6.75	1.63681	
7	1.63681	
7.25	1.59711	
7.5	1.60944	
7.75	1.7551	
8	1.76749	
8.25	1.76749	
8.5	1.78815	
8.75	1.73602	
9	1.67551	
9.25	1.67551	
9.5	1.66733	
9.75	1.77518	
10	1.66275	
10.25	1.66275	
10.5	1.73718	
10.75	1.73718	
11	1.80365	
11.25	1.83365	
11.5	1.73062	
11.75	1.54788	
12	1.64767	
12.25	1.55548	
12.5	1.52435	
12.75	1.5972	
13	1.52051	
13.25	1.47495	
13.5	1.47495	
13.75	1.47546	
14	1.67493	
14.25	1.63751	
14.5	1.63751	
14.75	1.63751	
15	1.89041	
15.25	1.98361	
15.5	1.67465	
15.75	1.66025	
16	1.46747	
16.25	1.58234	
16.5	1.47391	
16.75	1.74191	
17	1.71695	
17.25	1.9379	
17.5	1.9379	
17.75	1.9379	
18	1.23343	
18.25	1.23343	
18.5	0.754669	
18.75	0.938721	
19	0.802155	
19.25	0.802155	
19.5	1.08002	
19.75	1.08002	
20	1.20325	
20.25	1.06296	
20.5	1.08661	
20.75	1.08661	
21	0.942352	
21.25	0.942688	
21.5	0.942688	
21.75	0.847778	
22	1.20166	
22.25	1.20166	
22.5	1.04895	
22.75	0.215912	
23	0.871368	
23.25	0.755035	
23.5	1.21432	
23.75	0.831116	
24	0.831116	
24.25	1.04306	
24.5	0.679413	
24.75	0.568176	
25	0.743347	
25.25	0.771454	
25.5	0.802002	
25.75	1.06644	
26	0.495697	
26.25	0.418518	
26.5	0.394623	
26.75	0.633759	
27	0.633759	
27.25	0.940582	
27.5	0.638184	
27.75	0.638184	
28	0.726929	
28.25	0.482697	
28.5	0.541199	
28.75	0.484772	
29	0.817627	
29.25	0.803955	
29.5	1.20325	
29.75	0.422119	
30	0.679657	
30.25	0.730621	
30.5	1.06668	
30.75	0.303558	
31	0.658722	
31.25	0.560913	
31.5	1.13422	
31.75	0.569702	
32	0.223846	
32.25	0.506256	
32.5	0.608704	
32.75	0.827606	
33	0.515808	
33.25	0.321106	
33.5	0.321106	
33.75	0.328217	
34	0.722839	
34.25	0.420837	
34.5	0.53421	
34.75	0.977386	
35	0.789917	
35.25	0.466125	
35.5	0.466125	
35.75	0.397034	
36	0.759491	
36.25	0.954376	
36.5	0.490265	
36.75	0.683929	
37	0.724243	
37.25	0.280365	
37.5	1.01563	
37.75	0.241272	
38	0.749573	
38.25	0.445251	
38.5	0.810669	
38.75	0.680664	
39	0.983002	
39.25	0.324463	
39.5	0.939758	
39.75	0.452728	
40	0.452728	
40.25	0.238251	
40.5	0.588989	
40.75	0.535583	
41	0.692291	
41.25	0.41803	
41.5	0.509399	
41.75	1.20007	
42	0.733246	
42.25	0.23642	
42.5	0.23642	
42.75	0.456726	
43	0.930969	
43.25	0.324158	
43.5	1.2764	
43.75	1.2764	
44	1.35941	
44.25	0.791046	
44.5	0.378632	
44.75	0.378632	
45	0.378632	
45.25	0.195831	
45.5	1.27191	
45.75	0.825195	
46	0.949554	
46.25	1.22372	
46.5	1.01059	
46.75	0.536041	
47	0.391785	
47.25	0.384094	
47.5	0.577728	
47.75	1.84921	
48	1.84921	
48.25	1.07956	
48.5	1.67502	
48.75	0.688446	
49	1.77112	
49.25	0.326324	
49.5	0.148834	
49.75	0.148834	
50	0.760559	
50.25	0.967133	
50.5	0.865601	
50.75	0.932983	
51	1.64191	
51.25	0.802765	
51.5	0.50351	
51.75	0.298279	
52	0.45874	
52.25	0.38205	
52.5	0.783203	
52.75	0.582153	
53	0.951721	
53.25	0.66217	
53.5	0.557465	
53.75	0.533875	
54	0.648499	
54.25	0.534607	
54.5	0.522583	
54.75	0.559601	
55	0.198151	
55.25	0.0449219	
55.5	0.542816	
55.75	0.542816	
56	1.87219	
56.25	1.26868	
56.5	1.25729	
56.75	1.32349	
57	1.27615	
57.25	0.975403	
57.5	0.819	
57.75	1.66586	
58	1.0762	
58.25	0.776306	
58.5	0.373627	
58.75	0.373627	
59	1.13791	
59.25	0.0726013	
59.5	1.64035	
59.75	3.71985	
60	0.965881	
60.25	2.07245	
60.5	1.63586	
60.75	1.84641	
61	1.00916	
61.25	1.5968	
61.5	0.990509	
61.75	1.06516	
62	1.19229	
62.25	0.341339	
62.5	0.572876	
62.75	0.553223	
63	0.11618	
63.25	1.17444	
63.5	0.896698	
63.75	0.730316	
64	0.986816	
64.25	2.23492	
64.5	2.78094	
64.75	0.192352	
65	0.477325	
65.25	1.66675	
65.5	0.387146	
65.75	0.942413	
66	0.507843	
66.25	0.650848	
66.5	0.901947	
66.75	3.92285	
67	4.76193	
67.25	2.27167	
67.5	4.28403	
67.75	3.28152	
68	4.44443	
68.25	3.20859	
68.5	2.08896	
68.75	2.08896	
69	4.30219	
69.25	1.99811	
69.5	0.667847	
69.75	3.29706	
70	2.81854	
70.25	3.46274	
70.5	2.37125	
70.75	3.72922	
71	0.616089	
71.25	1.27026	
71.5	1.4429	
71.75	2.67892	
72	3.19931	
72.25	2.83334	
72.5	2.67255	
72.75	0.388428	
73	2.68286	
73.25	2.63882	
73.5	1.9118	
73.75	0.771912	
74	2.13742	
74.25	0.930634	
74.5	1.61914	
74.75	2.12149	
75	1.19821	
75.25	1.23907	
75.5	0.720642	
75.75	0.289124	
76	1.71967	
76.25	0.692322	
76.5	1.54309	
76.75	0.590363	
77	2.15829	
77.25	2.86438	
77.5	1.50482	
77.75	0.812012	
78	0.812012	
78.25	1.43085	
78.5	1.21967	
78.75	1.21942	
79	1.95737	
79.25	1.9429	
79.5	1.91574	
79.75	2.02701	
80	2.07779	
80.25	2.1893	
80.5	0.946228	
80.75	2.34579	
81	0.971771	
81.25	1.81052	
81.5	1.90048	
81.75	1.72488	
82	2.31461	
82.25	1.57422	
82.5	1.78656	
82.75	1.25177	
83	1.25974	
83.25	1.88885	
83.5	2.32056	
83.75	1.55594	
84	1.61526	
84.25	0.777374	
84.5	1.66568	
84.75	1.57843	
85	0.781128	
85.25	2.353	
85.5	1.77979	
85.75	0.839203	
86	1.34232	
86.25	1.4852	
86.5	1.57285	
86.75	1.44998	
87	1.02768	
87.25	1.79486	
87.5	1.16852	
87.75	0.521637	
88	1.72556	
88.25	0.414612	
88.5	1.61349	
88.75	0.996124	
89	1.09491	
89.25	0.9646	
89.5	1.45673	
89.75	1.11038	
90	1.50424	
90.25	0.5	
90.5	1.36545	
90.75	1.24408	
91	1.07486	
91.25	0.18924	
91.5	1.29871	
91.75	1.83975	
92	1.06543	
92.25	0.949799	
92.5	0.513306	
92.75	1.89807	
93	1.06714	
93.25	1.72269	
93.5	0.276367	
93.75	1.47733	
94	1.21738	
94.25	1.03036	
94.5	0.289368	
94.75	1.13928	
95	1.3634	
95.25	0.741211	
95.5	0.980072	
95.75	0.970459	
96	1.68008	
96.25	0.606781	
96.5	0.334839	
96.75	0.713837	
97	1.54602	
97.25	1.18262	
97.5	0.726593	
97.75	0.662476	
98	1.09402	
98.25	1.48938	
98.5	0.84671	
98.75	0.526794	
99	1.07684	
99.25	0.66452	
99.5	0.982391	
99.75	1.03339	
100	0.545837	
100.25	1.11508	
100.5	0.910614	
100.75	1.03799	
101	0.980438	
