Frequency - Plot 0	Amplitude - Plot 0	
1	-10.6567	
1.25	-10.6567	
1.5	-39.6497	
1.75	-12.6892	
2	-12.6892	
2.25	-12.6892	
2.5	-5.43823	
2.75	-5.43823	
3	-21.8298	
3.25	-21.8298	
3.5	-14.0955	
3.75	-11.5356	
4	-11.5356	
4.25	-26.9824	
4.5	-26.9824	
4.75	-26.9824	
5	-15.5566	
5.25	-19.8193	
5.5	-19.8193	
5.75	-27.2461	
6	-27.2461	
6.25	-17.4023	
6.5	-12.7881	
6.75	-25.4004	
7	-16.2268	
7.25	1.4502	
7.5	-1.21948	
7.75	-22.5879	
8	-22.5879	
8.25	-6.17432	
8.5	2.85645	
8.75	2.85645	
9	-25.3455	
9.25	-8.45947	
9.5	-3.1311	
9.75	-11.9751	
10	-16.3367	
10.25	-16.3367	
10.5	3.47168	
10.75	-28.6084	
11	-39.7046	
11.25	-94.8779	
11.5	-94.8779	
11.75	-20.9619	
12	-59.7986	
12.25	-42.4512	
12.5	-25.6091	
12.75	-31.6077	
13	-25.8069	
13.25	-2.60376	
13.5	-19.6326	
13.75	12.4915	
14	34.3323	
14.25	7.29492	
14.5	-11.1841	
14.75	-104.216	
15	-69.884	
15.25	-32.5525	
15.5	-16.1169	
15.75	-5.35034	
16	12.9089	
16.25	13.7549	
16.5	13.7549	
16.75	-154.325	
17	-85.6165	
17.25	-55.3052	
17.5	-15.5566	
17.75	-19.7095	
18	-12.6892	
18.25	48.5815	
18.5	-34.574	
18.75	-53.0859	
19	-104.392	
19.25	-54.4153	
19.5	-24.7083	
19.75	99.0857	
20	-16.897	
20.25	-111.621	
20.5	-73.5315	
20.75	-40.946	
21	-50.2734	
21.25	-28.158	
21.5	48.8342	
21.75	-133.418	
22	-31.377	
22.25	47.9553	
22.5	41.0449	
22.75	172.694	
23	-61.7102	
23.25	-38.9026	
23.5	11.4038	
23.75	41.3745	
24	-53.2288	
24.25	102.964	
24.5	-128.958	
24.75	-35.6726	
25	-56.0083	
25.25	-55.7776	
25.5	-2.34009	
25.75	-78.6841	
26	30.1245	
26.25	-45.3955	
26.5	-128.628	
26.75	-19.6765	
27	-19.4678	
27.25	124.618	
27.5	-97.7344	
27.75	-52.24	
28	20.3247	
28.25	179.253	
28.5	-126.387	
28.75	44.3298	
29	-104.941	
29.25	-47.2192	
29.5	143.789	
29.75	-69.9939	
30	8.50342	
30.25	-48.6694	
30.5	-52.4158	
30.75	72.1802	
31	-95.9436	
31.25	-21.72	
31.5	-48.7354	
31.75	8.30566	
32	-161.927	
32.25	-54.0088	
32.5	-75.1685	
32.75	-156.39	
33	-3.62549	
33.25	-27.7295	
33.5	-38.2764	
33.75	-136.285	
34	28.4656	
34.25	31.9153	
34.5	-89.2529	
34.75	105.71	
35	-134.659	
35.25	-5.15259	
35.5	-5.3833	
35.75	-5.3833	
36	-140.054	
36.25	114.126	
36.5	-145.36	
36.75	-52.8772	
37	-40.0781	
37.25	-40.0781	
37.5	45.6702	
37.75	-83.9026	
38	-28.8062	
38.25	-6.89941	
38.5	155.05	
38.75	174.199	
39	174.199	
39.25	-81.3208	
39.5	63.3911	
39.75	-139.46	
40	-80.8264	
40.25	-80.8264	
40.5	-59.7107	
40.75	21.8079	
41	-98.6243	
41.25	-18.2922	
41.5	-12.5903	
41.75	-24.3457	
42	4.04297	
42.25	163.444	
42.5	-103.513	
42.75	-3.83423	
43	138.384	
43.25	56.4368	
43.5	56.4368	
43.75	1.15356	
44	-103.568	
44.25	-159.675	
44.5	-2.72461	
44.75	-140.647	
45	159.115	
45.25	-45.0439	
45.5	-72.1143	
45.75	89.6594	
46	-11.5027	
46.25	-159.686	
46.5	65.5444	
46.75	-125.035	
47	-28.8281	
47.25	105.623	
47.5	64.6436	
47.75	-73.0261	
48	-73.0261	
48.25	-42.8247	
48.5	49.1858	
48.75	-122.959	
49	-122.959	
49.25	-150.469	
49.5	75.2344	
49.75	75.2344	
50	128.562	
50.25	38.4741	
50.5	-35.8374	
50.75	-35.8374	
51	167.563	
51.25	175.605	
51.5	42.7039	
51.75	154.127	
52	-45.3625	
52.25	163.619	
52.5	-14.1943	
52.75	97.3389	
53	-38.2544	
53.25	-101.832	
53.5	-167.157	
53.75	-135.11	
54	56.3049	
54.25	18.2593	
54.5	-137.604	
54.75	159.489	
55	-31.8494	
55.25	12.5244	
55.5	-37.6282	
55.75	-111.786	
56	-7.38281	
56.25	44.5166	
56.5	175.485	
56.75	60.249	
57	111.753	
57.25	178.824	
57.5	171.969	
57.75	-87.5171	
58	37.1887	
58.25	-66.4124	
58.5	-159.159	
58.75	51.4929	
59	148.964	
59.25	164.927	
59.5	-25.1697	
59.75	121.685	
60	4.18579	
60.25	-174.573	
60.5	-1.24146	
60.75	109.028	
61	115.598	
61.25	-138.12	
61.5	27.9712	
61.75	119.388	
62	-107.743	
62.25	124.618	
62.5	107.391	
62.75	-99.1626	
63	17.8198	
63.25	36.0242	
63.5	173.441	
63.75	-102.612	
64	-102.612	
64.25	118.488	
64.5	129.771	
64.75	-175.803	
65	178.638	
65.25	130.704	
65.5	82.6282	
65.75	11.3708	
66	73.5974	
66.25	2.46094	
66.5	66.2476	
66.75	91.2964	
67	-16.7212	
67.25	-84.2981	
67.5	20.2039	
67.75	147.942	
68	168.563	
68.25	127.222	
68.5	-102.733	
68.75	17.7539	
69	-6.94336	
69.25	67.9724	
69.5	8.16284	
69.75	-11.5906	
70	-10.5908	
70.25	-99.657	
70.5	-4.55933	
70.75	-119.971	
71	10.0964	
71.25	132.902	
71.5	125.903	
71.75	28.916	
72	57.041	
72.25	69.9939	
72.5	179.374	
72.75	96.3281	
73	-153.314	
73.25	-87.2314	
73.5	-144.316	
73.75	159.5	
74	0.823975	
74.25	52.4597	
74.5	-150.568	
74.75	-66.4563	
75	-11.8652	
75.25	48.6145	
75.5	-9.45923	
75.75	25.2905	
76	78.6401	
76.25	114.587	
76.5	60.9082	
76.75	70.6201	
77	96.2842	
77.25	47.7576	
77.5	88.3301	
77.75	62.3914	
78	84.8804	
78.25	92.4719	
78.5	66.8079	
78.75	58.3374	
79	18.8745	
79.25	76.4099	
79.5	24.9719	
79.75	73.4656	
80	-50.1306	
80.25	66.9397	
80.5	62.5891	
80.75	69.082	
81	5.58105	
81.25	32.5415	
81.5	44.5605	
81.75	3.8562	
82	27.9602	
82.25	35.1233	
82.5	40.7373	
82.75	18.6438	
83	10.3052	
83.25	25.5322	
83.5	2.18628	
83.75	-8.69019	
84	-23.9832	
84.25	16.9739	
84.5	49.6143	
84.75	21.0828	
85	-17.688	
85.25	15.7104	
85.5	5.72388	
85.75	-29.762	
86	-5.65796	
86.25	3.8562	
86.5	-69.6313	
86.75	-5.24048	
87	17.2156	
87.25	19.5557	
87.5	-29.762	
87.75	-89.9451	
88	16.9849	
88.25	46.8896	
88.5	-39.7815	
88.75	32.6404	
89	20.874	
89.25	27.7954	
89.5	0.900879	
89.75	13.1396	
90	-96.8335	
90.25	103.546	
90.5	11.7993	
90.75	-44.9121	
91	68.0273	
91.25	-18.1714	
91.5	11.5137	
91.75	-39.4958	
92	-27.0264	
92.25	-4.75708	
92.5	-104.425	
92.75	7.19604	
93	26.8066	
93.25	-14.8096	
93.5	-31.2012	
93.75	37.9468	
94	-93.3398	
94.25	31.8164	
94.5	-135.352	
94.75	-97.5366	
95	-67.2363	
95.25	51.8555	
95.5	-30.3442	
95.75	57.7112	
96	-72.6086	
96.25	-10.9863	
96.5	4.46045	
96.75	-21.0388	
97	-74.0039	
97.25	2.87842	
97.5	-35.376	
97.75	-1.4502	
98	176.111	
98.25	37.1008	
98.5	7.77832	
98.75	-21.1267	
99	-37.3206	
99.25	21.2695	
99.5	-19.6106	
99.75	-12.5684	
100	-20.6323	
100.25	-6.76758	
100.5	-21.3025	
100.75	-10.5579	
101	8.03101	
